0.185250067,0.714652585,0.005624686,0.094472662
0.185267436,0.714642612,0.005614543,0.09447541
0.185284917,0.71463242,0.00560444,0.094478223
0.185302508,0.71462201,0.005594378,0.094481104
0.185320208,0.714611381,0.005584356,0.094484056
0.185338015,0.71460053,0.005574374,0.094487082
0.185355927,0.714589458,0.005564431,0.094490184
0.185373944,0.714578163,0.005554527,0.094493366
0.185392064,0.714566644,0.005544662,0.09449663
0.185410286,0.7145549,0.005534836,0.094499979
0.185428607,0.714542928,0.005525048,0.094503417
0.185447026,0.714530728,0.005515299,0.094506947
0.185465542,0.714518298,0.005505588,0.094510572
0.185484154,0.714505637,0.005495914,0.094514295
0.18550286,0.714492743,0.005486278,0.094518119
0.185521659,0.714479615,0.005476677,0.094522049
0.18554055,0.71446625,0.005467113,0.094526086
0.185559533,0.714452649,0.005457584,0.094530234
0.185578605,0.71443881,0.005448089,0.094534496
0.185597766,0.714424732,0.005438628,0.094538873
0.185617015,0.714410415,0.005429201,0.094543369
0.18563635,0.714395856,0.005419808,0.094547986
0.185655771,0.714381055,0.005410448,0.094552726
0.185675276,0.71436601,0.005401123,0.094557591
0.185694866,0.714350719,0.005391832,0.094562584
0.185714539,0.71433518,0.005382575,0.094567705
0.185734295,0.714319394,0.005373354,0.094572957
0.185754132,0.714303358,0.005364169,0.09457834
0.185774051,0.714287075,0.005355019,0.094583856
0.185794048,0.714270542,0.005345905,0.094589504
0.185814125,0.714253761,0.005336828,0.094595287
0.18583428,0.714236731,0.005327786,0.094601203
0.185854512,0.714219454,0.00531878,0.094607254
0.18587482,0.714201929,0.005309811,0.09461344
0.185895204,0.714184156,0.005300878,0.094619763
0.185915662,0.714166135,0.005291982,0.094626221
0.185936194,0.714147868,0.005283122,0.094632817
0.185956798,0.714129354,0.005274299,0.094639549
0.185977475,0.714110594,0.005265512,0.09464642
0.185998222,0.714091587,0.005256762,0.094653428
0.186019039,0.714072335,0.00524805,0.094660575
0.186039925,0.714052837,0.005239375,0.094667862
0.186060879,0.714033093,0.005230739,0.09467529
0.186081898,0.714013101,0.00522214,0.094682862
0.18610298,0.71399286,0.00521358,0.094690579
0.186124125,0.71397237,0.005205059,0.094698446
0.186145329,0.71395163,0.005196577,0.094706464
0.186166592,0.713930637,0.005188134,0.094714637
0.186187911,0.713909391,0.00517973,0.094722969
0.186209284,0.713887889,0.005171364,0.094731462
0.186230711,0.713866131,0.005163037,0.094740121
0.18625219,0.713844113,0.005154748,0.094748949
0.186273718,0.713821836,0.005146498,0.094757949
0.186295293,0.713799297,0.005138285,0.094767125
0.186316915,0.713776496,0.005130109,0.09477648
0.186338582,0.713753432,0.005121971,0.094786016
0.186360291,0.713730101,0.00511387,0.094795737
0.186382042,0.713706504,0.005105807,0.094805646
0.186403834,0.713682638,0.005097782,0.094815746
0.186425663,0.713658502,0.005089795,0.09482604
0.186447527,0.713634095,0.005081846,0.094836532
0.186469424,0.713609415,0.005073935,0.094847225
0.186491352,0.713584463,0.005066063,0.094858122
0.186513308,0.713559236,0.005058229,0.094869227
0.186535289,0.713533736,0.005050433,0.094880542
0.186557292,0.71350796,0.005042677,0.094892072
0.186579313,0.71348191,0.005034958,0.094903819
0.18660135,0.713455585,0.005027278,0.094915788
0.186623398,0.713428985,0.005019635,0.094927981
0.186645455,0.713402111,0.005012031,0.094940403
0.186667518,0.713374963,0.005004464,0.094953055
0.186689582,0.71334754,0.004996935,0.094965943
0.186711645,0.713319843,0.004989444,0.094979068
0.186733704,0.713291871,0.00498199,0.094992435
0.186755755,0.713263625,0.004974575,0.095006045
0.186777795,0.713235105,0.004967198,0.095019902
0.18679982,0.713206312,0.004959859,0.095034009
0.186821827,0.713177245,0.004952559,0.095048369
0.186843812,0.713147906,0.004945297,0.095062985
0.186865772,0.713118295,0.004938074,0.095077858
0.186887703,0.713088414,0.00493089,0.095092992
0.186909603,0.713058263,0.004923744,0.095108389
0.186931468,0.713027843,0.004916637,0.095124051
0.186953296,0.712997156,0.004909568,0.095139981
0.186975083,0.712966202,0.004902536,0.095156179
0.186996826,0.712934983,0.004895542,0.095172648
0.187018523,0.712903503,0.004888585,0.095189389
0.18704017,0.712871761,0.004881664,0.095206404
0.187061766,0.712839761,0.004874779,0.095223695
0.187083306,0.712807503,0.004867929,0.095241261
0.187104789,0.71277499,0.004861116,0.095259105
0.187126212,0.712742224,0.004854337,0.095277227
0.187147572,0.712709207,0.004847594,0.095295626
0.187168868,0.712675942,0.004840887,0.095314303
0.187190097,0.712642432,0.004834215,0.095333256
0.187211255,0.712608679,0.004827579,0.095352486
0.187232342,0.712574687,0.00482098,0.095371991
0.187253355,0.712540458,0.004814417,0.09539177
0.187274291,0.712505995,0.004807891,0.095411823
0.187295148,0.7124713,0.004801403,0.095432149
0.187315926,0.712436376,0.004794953,0.095452746
0.18733662,0.712401225,0.004788542,0.095473613
0.187357231,0.712365848,0.004782172,0.095494748
0.187377757,0.712330249,0.004775845,0.09551615
0.187398194,0.712294427,0.004769563,0.095537816
0.187418542,0.712258383,0.004763329,0.095559745
0.187438798,0.712222118,0.004757147,0.095581936
0.187458962,0.712185632,0.004751021,0.095604385
0.18747903,0.712148922,0.004744955,0.095627093
0.187499002,0.712111988,0.004738952,0.095650059
0.187518875,0.712074827,0.004733017,0.095673282
0.187538647,0.712037437,0.004727154,0.095696762
0.187558317,0.711999815,0.004721367,0.095720502
0.187577882,0.711961959,0.004715659,0.095744501
0.18759734,0.711923864,0.004710035,0.095768761
0.18761669,0.711885529,0.004704499,0.095793283
0.187635928,0.711846946,0.004699056,0.09581807
0.187655051,0.71180811,0.004693715,0.095843124
0.187674056,0.71176901,0.004688485,0.095868448
0.187692937,0.711729636,0.00468338,0.095894046
0.187711689,0.711689975,0.004678415,0.095919921
0.187730307,0.711650012,0.004673606,0.095946075
0.187748785,0.711609733,0.00466897,0.095972513
0.187767117,0.711569123,0.004664525,0.095999236
0.187785297,0.711528166,0.004660288,0.096026249
0.18780332,0.711486846,0.00465628,0.096053554
0.187821179,0.711445145,0.004652521,0.096081155
0.187838864,0.711403043,0.004649038,0.096109056
0.187856366,0.711360515,0.00464586,0.096137259
0.187873674,0.711317532,0.004643024,0.09616577
0.187890776,0.711274063,0.00464057,0.09619459
0.187907661,0.711230077,0.004638539,0.096223724
0.187924316,0.711185538,0.004636973,0.096253173
0.18794073,0.711140415,0.004635916,0.096282939
0.187956892,0.711094674,0.004635409,0.096313024
0.187972789,0.711048284,0.004635497,0.096343431
0.18798841,0.711001212,0.004636219,0.096374159
0.188003741,0.710953429,0.004637621,0.096405209
0.188018772,0.710904901,0.004639745,0.096436583
0.188033488,0.710855596,0.004642633,0.096468282
0.188047877,0.710805483,0.004646331,0.096500309
0.188061927,0.710754527,0.004650882,0.096532665
0.188075624,0.710702695,0.004656329,0.096565352
0.188088956,0.710649953,0.004662718,0.096598373
0.188101909,0.710596266,0.004670094,0.09663173
0.188114471,0.710541598,0.004678504,0.096665427
0.188126627,0.710485909,0.004687995,0.096699469
0.188138363,0.710429159,0.00469862,0.096733858
0.188149662,0.710371305,0.004710431,0.096768602
0.188160509,0.710312302,0.004723486,0.096803704
0.188170887,0.710252104,0.00473784,0.09683917
0.188180778,0.710190666,0.004753553,0.096875004
0.188190166,0.710127941,0.00477068,0.096911213
0.188199034,0.710063884,0.004789282,0.0969478
0.188207364,0.709998446,0.004809418,0.096984771
0.188215139,0.709931579,0.004831152,0.09702213
0.188222338,0.709863229,0.004854551,0.097059882
0.188228939,0.709793341,0.004879689,0.097098031
0.188234921,0.709721855,0.004906641,0.097136583
0.188240257,0.709648713,0.004935488,0.097175541
0.188244924,0.709573855,0.004966309,0.097214911
0.188248897,0.709497222,0.004999184,0.097254698
0.188252151,0.709418754,0.005034191,0.097294904
0.18825466,0.709338396,0.005071409,0.097335535
0.1882564,0.709256091,0.005110916,0.097376593
0.188257344,0.709171785,0.00515279,0.097418082
0.188257465,0.709085425,0.005197106,0.097460003
0.188256737,0.70899696,0.005243942,0.097502361
0.188255133,0.708906337,0.005293373,0.097545157
0.188252626,0.708813507,0.005345473,0.097588394
0.188249193,0.708718418,0.005400316,0.097632073
0.188244807,0.708621022,0.005457975,0.097676197
0.188239445,0.70852127,0.005518519,0.097720766
0.188233083,0.708419115,0.005582019,0.097765783
0.1882257,0.70831451,0.005648542,0.097811248
0.188217273,0.708207411,0.005718156,0.097857161
0.18820778,0.708097773,0.005790925,0.097903522
0.1881972,0.707985553,0.005866914,0.097950333
0.188185512,0.707870711,0.005946185,0.097997592
0.188172696,0.707753205,0.006028798,0.098045301
0.188158729,0.707632996,0.006114815,0.098093459
0.188143592,0.707510046,0.006204296,0.098142066
0.188127263,0.707384315,0.006297299,0.098191123
0.188109722,0.707255767,0.006393883,0.098240628
0.18809095,0.707124363,0.006494105,0.098290582
0.188070926,0.706990068,0.00659802,0.098340986
0.188049632,0.706852848,0.006705681,0.098391839
0.188027048,0.706712669,0.006817144,0.098443139
0.188003154,0.706569494,0.006932463,0.098494889
0.187977929,0.70642329,0.007051694,0.098547087
0.187951354,0.706274018,0.007174891,0.098599736
0.187923409,0.706121643,0.007302111,0.098652837
0.187894074,0.705966127,0.007433408,0.098706391
0.187863331,0.705807434,0.007568836,0.098760399
0.187831161,0.705645528,0.007708449,0.098814862
0.187797549,0.705480374,0.007852298,0.098869779
0.187762477,0.705311938,0.008000434,0.098925151
0.18772593,0.705140187,0.008152906,0.098980977
0.187687891,0.70496509,0.008309761,0.099037258
0.187648347,0.704786614,0.008471048,0.099093991
0.187607281,0.704604729,0.008636813,0.099151177
0.187564679,0.704419404,0.008807102,0.099208815
0.187520527,0.704230608,0.008981961,0.099266904
0.187474811,0.704038311,0.009161435,0.099325443
0.187427516,0.703842482,0.009345569,0.099384432
0.18737863,0.703643093,0.009534406,0.09944387
0.18732814,0.703440116,0.009727987,0.099503756
0.187276033,0.703233525,0.009926353,0.099564088
0.187222297,0.703023296,0.010129543,0.099624865
0.187166918,0.702809406,0.010337594,0.099686082
0.187109888,0.70259183,0.010550544,0.099747738
0.187051194,0.702370547,0.010768429,0.09980983
0.186990828,0.702145533,0.010991285,0.099872353
0.186928781,0.701916767,0.011219145,0.099935306
0.186865045,0.701684228,0.011452042,0.099998685
0.186799613,0.701447897,0.011690003,0.100062488
0.186732477,0.701207756,0.011933057,0.10012671
0.186663633,0.700963789,0.01218123,0.100191348
0.186593073,0.70071598,0.012434548,0.100256399
0.186520794,0.700464313,0.012693034,0.100321859
0.186446788,0.700208774,0.012956715,0.100387722
0.186371051,0.699949348,0.013225614,0.100453986
0.186293578,0.699686023,0.013499754,0.100520646
0.186214361,0.699418785,0.013779157,0.100587697
0.186133396,0.699147623,0.014063841,0.100655139
0.186050676,0.698872525,0.014353828,0.100722972
0.185966195,0.698593473,0.014649133,0.100791199
0.185879948,0.698310452,0.014949772,0.100859828
0.185791929,0.698023443,0.01525576,0.100928868
0.185702134,0.697732429,0.015567109,0.100998328
0.185610559,0.69743739,0.015883832,0.101068218
0.1855172,0.69713831,0.01620594,0.10113855
0.185422055,0.696835168,0.01653344,0.101209336
0.185325121,0.696527948,0.016866341,0.10128059
0.185226396,0.696216632,0.017204646,0.101352325
0.185125878,0.695901206,0.017548359,0.101424557
0.185023564,0.695581655,0.017897483,0.101497299
0.184919453,0.695257968,0.018252017,0.101570563
0.184813543,0.694930134,0.018611962,0.101644361
0.184705832,0.694598142,0.018977319,0.101718708
0.184596317,0.694261979,0.019348088,0.101793616
0.184484995,0.693921634,0.019724269,0.101869103
0.18437186,0.693577094,0.020105862,0.101945184
0.18425691,0.693228348,0.020492866,0.102021877
0.184140138,0.692875387,0.020885276,0.102099198
0.184021542,0.692518203,0.021283088,0.102177167
0.183901117,0.692156785,0.021686296,0.102255802
0.183778859,0.691791124,0.022094893,0.102335124
0.183654762,0.691421208,0.022508873,0.102415156
0.183528822,0.691047024,0.022928231,0.102495923
0.18340103,0.69066856,0.023352959,0.10257745
0.18327138,0.690285806,0.02378305,0.102659763
0.183139865,0.689898749,0.024218496,0.10274289
0.183006476,0.689507381,0.024659285,0.102826858
0.182871209,0.689111692,0.025105406,0.102911694
0.182734057,0.688711675,0.025556844,0.102997424
0.182595016,0.688307323,0.026013586,0.103084075
0.182454082,0.687898629,0.026475616,0.103171673
0.182311253,0.687485587,0.026942917,0.103260243
0.182166525,0.687068191,0.027415473,0.10334981
0.182019897,0.686646437,0.027893269,0.103440397
0.181871366,0.68622032,0.028376287,0.103532027
0.181720932,0.685789838,0.028864508,0.103624721
0.181568595,0.685354988,0.029357914,0.103718503
0.181414355,0.684915767,0.029856483,0.103813395
0.181258216,0.684472174,0.030360191,0.103909419
0.18110018,0.68402421,0.030869014,0.104006596
0.180940251,0.683571876,0.031382925,0.104104948
0.180778431,0.683115173,0.031901897,0.104204498
0.180614726,0.682654103,0.032425903,0.104305268
0.180449139,0.682188669,0.032954913,0.104407279
0.180281674,0.681718874,0.033488898,0.104510554
0.180112338,0.681244721,0.03402783,0.104615112
0.179941135,0.680766212,0.034571678,0.104720974
0.179768075,0.68028335,0.035120412,0.104828163
0.179593164,0.679796136,0.035673999,0.104936701
0.179416409,0.679304567,0.03623241,0.105046614
0.179237817,0.678808644,0.036795614,0.105157926
0.179057395,0.678308362,0.03736358,0.105270662
0.17887515,0.677803722,0.03793628,0.105384848
0.178691088,0.677294722,0.038513683,0.105500507
0.178505217,0.676781363,0.039095755,0.105617665
0.178317544,0.676263646,0.039682465,0.105736345
0.178128076,0.67574157,0.040273779,0.105856576
0.177936821,0.675215136,0.040869661,0.105978382
0.177743787,0.674684347,0.041470075,0.106101791
0.177548984,0.674149203,0.042074986,0.106226828
0.177352419,0.673609709,0.042684354,0.106353518
0.177154102,0.673065872,0.043298139,0.106481886
0.176954042,0.672517699,0.043916302,0.106611956
0.176752249,0.671965197,0.044538801,0.106743752
0.176548733,0.671408375,0.045165595,0.106877297
0.176343505,0.670847241,0.045796641,0.107012612
0.176136576,0.670281805,0.046431898,0.107149721
0.175927957,0.669712077,0.047071321,0.107288644
0.175717661,0.669138067,0.047714866,0.107429405
0.175505699,0.668559788,0.048362488,0.107572026
0.175292083,0.667977249,0.049014139,0.107716528
0.175076827,0.667390463,0.049669774,0.107862936
0.174859943,0.666799444,0.050329344,0.108011269
0.174641444,0.666204204,0.050992803,0.108161549
0.174421343,0.66560476,0.051660099,0.108313798
0.174199654,0.665001127,0.052331183,0.108468035
0.17397639,0.664393324,0.053006004,0.108624282
0.173751565,0.663781366,0.05368451,0.108782558
0.173525195,0.663165273,0.054366649,0.108942884
0.173297293,0.662545063,0.055052365,0.109105278
0.173067877,0.661920759,0.055741606,0.109269758
0.172836959,0.661292384,0.056434315,0.109436342
0.172604556,0.66065996,0.057130442,0.109605043
0.172370682,0.66002351,0.057829933,0.109775875
0.172135353,0.659383059,0.058532738,0.10994885
0.171898586,0.658738628,0.059238804,0.110123982
0.171660398,0.658090238,0.059948077,0.110301286
0.171420807,0.65743791,0.060660504,0.110480779
0.171179829,0.656781665,0.06137603,0.110662476
0.170937484,0.656121524,0.062094599,0.110846393
0.170693792,0.655457508,0.062816157,0.111032543
0.170448771,0.65478964,0.063540647,0.111220942
0.170202443,0.654117943,0.064268012,0.111411601
0.169954827,0.65344244,0.064998196,0.111604536
0.169705944,0.652763155,0.065731142,0.111799759
0.169455815,0.652080113,0.066466793,0.11199728
0.169204459,0.651393339,0.067205092,0.11219711
0.168951899,0.650702859,0.067945983,0.112399259
0.168698156,0.650008699,0.068689408,0.112603737
0.168443251,0.649310885,0.06943531,0.112810553
0.168187207,0.648609445,0.070183631,0.113019717
0.167930045,0.647904405,0.070934314,0.113231236
0.167671785,0.647195791,0.071687305,0.113445119
0.167412448,0.646483626,0.072442553,0.113661372
0.167152054,0.645767933,0.073200011,0.113880002
0.166890624,0.645048732,0.07395963,0.114101014
0.166628178,0.644326044,0.074721366,0.114324412
0.166364738,0.643599888,0.075485175,0.114550199
0.166100324,0.642870279,0.07625102,0.114778377
0.165834955,0.642137231,0.077018867,0.115008948
0.165568651,0.641400754,0.077788685,0.115241911
0.165301432,0.64066086,0.078560443,0.115477265
0.165033317,0.639917565,0.079334111,0.115715007
0.164764328,0.639170884,0.080109655,0.115955132
0.164494483,0.638420836,0.080887042,0.116197639
0.164223801,0.637667439,0.081666235,0.116442525
0.163952301,0.636910713,0.082447198,0.116689788
0.16368,0.636150675,0.083229897,0.116939428
0.163406918,0.635387344,0.084014295,0.117191442
0.163133073,0.634620739,0.084800357,0.117445831
0.162858482,0.633850879,0.085588045,0.117702593
0.162583163,0.633077784,0.086377324,0.117961729
0.162307133,0.632301476,0.087168155,0.118223236
0.162030409,0.63152198,0.087960501,0.11848711
0.161753005,0.63073932,0.088754329,0.118753346
0.161474937,0.629953522,0.089549606,0.119021936
0.161196218,0.629164609,0.090346299,0.119292874
0.160916864,0.628372608,0.09114438,0.119566148
0.160636888,0.627577544,0.091943817,0.119841751
0.160356309,0.626779441,0.09274458,0.12011967
0.160075143,0.625978329,0.093546634,0.120399893
0.159793411,0.625174235,0.094349947,0.120682407
0.159511132,0.624367192,0.095154482,0.120967194
0.159228327,0.623557233,0.095960203,0.121254238
0.158945015,0.622744391,0.096767076,0.121543518
0.158661217,0.621928696,0.097575071,0.121835015
0.158376953,0.621110177,0.098384164,0.122128706
0.158092243,0.620288859,0.099194332,0.122424566
0.157807107,0.619464769,0.100005551,0.122722573
0.157521567,0.618637932,0.100817799,0.123022702
0.157235646,0.617808379,0.101631048,0.123324928
0.156949364,0.61697614,0.102445271,0.123629226
0.156662744,0.616141245,0.10326044,0.123935571
0.156375808,0.615303727,0.104076526,0.124243938
0.156088577,0.61446362,0.104893501,0.124554301
0.155801072,0.613620956,0.105711337,0.124866634
0.155513314,0.612775769,0.106530006,0.125180911
0.155225326,0.611928092,0.107349479,0.125497104
0.154937128,0.61107796,0.108169726,0.125815187
0.154648742,0.610225411,0.108990715,0.126135131
0.154360193,0.609370483,0.109812414,0.12645691
0.154071501,0.608513215,0.110634791,0.126780493
0.153782689,0.607653645,0.111457813,0.127105853
0.153493779,0.606791814,0.112281449,0.127432958
0.153204789,0.60592776,0.113105672,0.127761779
0.152915737,0.60506152,0.113930458,0.128092284
0.15262664,0.604193131,0.114755785,0.128424444
0.152337512,0.603322628,0.115581634,0.128758225
0.15204837,0.602450046,0.116407988,0.129093596
0.151759228,0.601575413,0.117234836,0.129430523
0.151470099,0.600698757,0.118062171,0.129768974
0.151180998,0.599820102,0.118889987,0.130108913
0.150891937,0.598939474,0.11971828,0.130450308
0.150602931,0.5980569,0.120547046,0.130793123
0.150313995,0.597172405,0.121376276,0.131137324
0.150025143,0.596286019,0.122205963,0.131482875
0.149736391,0.595397768,0.123036099,0.131829743
0.149447755,0.594507681,0.123866672,0.132177893
0.149159249,0.593615785,0.124697674,0.132527292
0.148870888,0.592722108,0.125529095,0.132877909
0.148582688,0.591826678,0.126360922,0.133229712
0.148294662,0.590929524,0.127193144,0.133582671
0.148006824,0.590030675,0.128025745,0.133936756
0.128974961,0.596658978,0.094470223,0.179895837
0.129008457,0.59665567,0.094449551,0.179886322
0.129042214,0.596651932,0.094428975,0.179876878
0.129076237,0.596647761,0.094408498,0.179867504
0.129110529,0.596643153,0.094388119,0.179858199
0.129145095,0.596638106,0.094367838,0.179848961
0.12917994,0.596632615,0.094347655,0.17983979
0.129215066,0.59662668,0.094327571,0.179830683
0.12925048,0.596620296,0.094307584,0.179821641
0.129286184,0.596613461,0.094287694,0.179812662
0.129322181,0.596606171,0.094267901,0.179803746
0.129358477,0.596598424,0.094248205,0.179794893
0.129395074,0.596590214,0.094228607,0.179786104
0.129431976,0.596581537,0.094209107,0.17977738
0.129469187,0.596572386,0.094189706,0.179768721
0.12950671,0.596562757,0.094170403,0.179760129
0.129544549,0.596552643,0.094151202,0.179751606
0.129582706,0.596542041,0.094132101,0.179743152
0.129621184,0.596530943,0.094113104,0.17973477
0.129659986,0.596519344,0.09409421,0.17972646
0.129699115,0.596507238,0.094075422,0.179718225
0.129738574,0.596494616,0.094056742,0.179710068
0.129778366,0.596481473,0.094038171,0.17970199
0.129818493,0.5964678,0.094019712,0.179693996
0.129858956,0.59645359,0.094001365,0.179686089
0.129899758,0.596438837,0.093983133,0.179678272
0.129940901,0.596423534,0.093965017,0.179670548
0.129982387,0.596407675,0.093947018,0.17966292
0.130024217,0.596391251,0.09392914,0.179655392
0.130066393,0.596374257,0.093911383,0.179647968
0.130108917,0.596356684,0.093893748,0.179640651
0.130151791,0.596338526,0.093876238,0.179633446
0.130195016,0.596319777,0.093858852,0.179626356
0.130238593,0.59630043,0.093841591,0.179619386
0.130282525,0.596280479,0.093824457,0.179612539
0.130326813,0.59625992,0.093807449,0.179605819
0.130371457,0.596238746,0.093790567,0.179599231
0.130416458,0.596216951,0.093773813,0.179592778
0.130461819,0.596194531,0.093757186,0.179586463
0.130507541,0.596171482,0.093740686,0.179580291
0.130553623,0.596147799,0.093724313,0.179574264
0.130600069,0.59612348,0.093708068,0.179568384
0.130646879,0.596098521,0.093691948,0.179562652
0.130694053,0.596072919,0.093675955,0.179557073
0.130741592,0.596046672,0.093660089,0.179551647
0.130789497,0.596019776,0.093644349,0.179546379
0.130837767,0.595992229,0.093628735,0.179541269
0.130886401,0.595964028,0.093613249,0.179536322
0.1309354,0.595935171,0.093597891,0.179531539
0.130984761,0.595905656,0.09358266,0.179526922
0.131034485,0.595875484,0.093567557,0.179522475
0.13108457,0.595844651,0.093552581,0.179518198
0.131135017,0.595813157,0.093537732,0.179514093
0.131185825,0.595781001,0.093523011,0.179510162
0.131236995,0.595748181,0.093508418,0.179506406
0.131288525,0.595714697,0.093493953,0.179502825
0.131340415,0.595680549,0.093479615,0.179499421
0.131392666,0.595645735,0.093465405,0.179496194
0.131445275,0.595610258,0.093451322,0.179493144
0.131498242,0.595574118,0.093437367,0.179490272
0.131551564,0.595537317,0.09342354,0.179487578
0.131605241,0.595499857,0.093409839,0.179485062
0.131659271,0.595461738,0.093396266,0.179482725
0.13171365,0.595422964,0.09338282,0.179480566
0.131768378,0.595383536,0.0933695,0.179478586
0.13182345,0.595343458,0.093356308,0.179476784
0.131878863,0.595302734,0.093343242,0.179475161
0.131934616,0.595261365,0.093330302,0.179473716
0.131990704,0.595219357,0.09331749,0.17947245
0.132047124,0.595176712,0.093304803,0.179471361
0.132103872,0.595133434,0.093292243,0.17947045
0.132160947,0.595089528,0.09327981,0.179469715
0.132218343,0.595044996,0.093267504,0.179469157
0.132276057,0.594999844,0.093255326,0.179468773
0.132334086,0.594954075,0.093243276,0.179468562
0.132392426,0.594907696,0.093231356,0.179468522
0.132451072,0.594860709,0.093219568,0.179468651
0.132510019,0.59481312,0.093207913,0.179468947
0.132569264,0.594764933,0.093196393,0.17946941
0.132628801,0.594716152,0.093185011,0.179470036
0.132688626,0.594666781,0.093173767,0.179470826
0.132748734,0.594616825,0.093162664,0.179471777
0.13280912,0.594566289,0.093151703,0.179472887
0.13286978,0.59451518,0.093140885,0.179474155
0.132930709,0.594463502,0.093130213,0.179475577
0.1329919,0.59441126,0.093119686,0.179477153
0.133053351,0.594358461,0.093109308,0.179478881
0.133115054,0.594305108,0.093099078,0.179480759
0.133177007,0.594251208,0.093088999,0.179482786
0.133239203,0.594196766,0.093079072,0.179484959
0.13330164,0.594141788,0.093069296,0.179487276
0.133364312,0.59408628,0.093059674,0.179489734
0.133427215,0.59403025,0.093050205,0.179492331
0.133490345,0.593973702,0.093040891,0.179495062
0.133553698,0.593916644,0.093031733,0.179497925
0.13361727,0.593859081,0.093022732,0.179500916
0.133681058,0.593801018,0.093013892,0.179504032
0.133745058,0.593742461,0.093005213,0.179507268
0.133809266,0.593683416,0.092996698,0.17951062
0.13387368,0.593623888,0.092988349,0.179514083
0.133938296,0.593563882,0.092980169,0.179517654
0.13400311,0.593503403,0.09297216,0.179521328
0.134068119,0.593442455,0.092964327,0.1795251
0.134133319,0.593381043,0.092956672,0.179528966
0.134198708,0.59331917,0.092949201,0.179532921
0.134264283,0.593256839,0.092941917,0.179536961
0.13433004,0.593194057,0.092934823,0.17954108
0.134395976,0.593130827,0.092927924,0.179545274
0.134462087,0.593067154,0.092921222,0.179549537
0.134528369,0.593003044,0.092914722,0.179553865
0.134594819,0.592938499,0.092908426,0.179558256
0.134661431,0.592873522,0.092902339,0.179562707
0.134728202,0.592808114,0.092896467,0.179567216
0.134795127,0.592742278,0.092890814,0.179571781
0.134862201,0.592676014,0.092885385,0.1795764
0.134929421,0.592609325,0.092880184,0.17958107
0.13499678,0.592542212,0.092875217,0.179585792
0.135064274,0.592474676,0.092870488,0.179590561
0.135131899,0.59240672,0.092866002,0.179595378
0.135199649,0.592338346,0.092861766,0.17960024
0.135267521,0.592269553,0.092857782,0.179605144
0.135335509,0.592200346,0.092854056,0.179610089
0.135403609,0.592130726,0.092850592,0.179615072
0.135471818,0.592060697,0.092847395,0.17962009
0.13554013,0.591990262,0.092844468,0.17962514
0.135608542,0.591919425,0.092841815,0.179630219
0.135677049,0.59184819,0.092839439,0.179635322
0.135745647,0.591776561,0.092837344,0.179640448
0.13581433,0.59170454,0.092835535,0.179645595
0.135883095,0.591632129,0.092834015,0.17965076
0.135951936,0.59155933,0.09283279,0.179655943
0.136020849,0.591486146,0.092831863,0.179661141
0.13608983,0.591412579,0.092831239,0.179666352
0.136158873,0.591338632,0.092830921,0.179671574
0.136227974,0.591264308,0.092830913,0.179676805
0.136297129,0.591189609,0.09283122,0.179682042
0.136366334,0.591114538,0.092831845,0.179687284
0.136435583,0.591039097,0.092832792,0.179692528
0.136504873,0.590963287,0.092834065,0.179697775
0.136574199,0.590887113,0.092835668,0.17970302
0.136643555,0.590810578,0.092837602,0.179708264
0.136712937,0.590733686,0.092839873,0.179713504
0.13678234,0.590656441,0.092842482,0.179718737
0.136851757,0.590578847,0.092845434,0.179723962
0.136921185,0.590500909,0.092848732,0.179729174
0.136990617,0.59042263,0.09285238,0.179734373
0.137060049,0.590344015,0.092856382,0.179739554
0.137129474,0.590265068,0.092860744,0.179744714
0.137198888,0.590185793,0.09286547,0.179749849
0.137268285,0.590106195,0.092870564,0.179754955
0.13733766,0.590026278,0.092876033,0.179760029
0.137407006,0.589946047,0.092881883,0.179765064
0.137476318,0.589865506,0.092888118,0.179770058
0.13754559,0.589784657,0.092894745,0.179775007
0.137614818,0.589703507,0.092901771,0.179779905
0.137683996,0.589622057,0.092909199,0.179784747
0.137753119,0.589540314,0.092917036,0.17978953
0.137822183,0.589458282,0.092925287,0.179794248
0.137891182,0.589375966,0.092933955,0.179798898
0.137960111,0.58929337,0.092943045,0.179803473
0.138028967,0.589210501,0.092952561,0.179807971
0.138097744,0.589127362,0.092962507,0.179812387
0.138166437,0.589043958,0.092972887,0.179816717
0.138235043,0.588960295,0.092983705,0.179820957
0.138303555,0.588876378,0.092994965,0.179825102
0.138371969,0.588792212,0.093006669,0.17982915
0.138440279,0.588707803,0.093018821,0.179833097
0.13850848,0.588623157,0.093031424,0.179836939
0.138576566,0.588538279,0.09304448,0.179840675
0.138644531,0.588453175,0.093057992,0.179844302
0.13871237,0.588367848,0.093071964,0.179847817
0.138780077,0.588282306,0.093086398,0.179851219
0.138847646,0.588196553,0.093101296,0.179854505
0.138915069,0.588110595,0.093116662,0.179857673
0.138982342,0.58802444,0.093132499,0.17986072
0.139049456,0.587938092,0.093148809,0.179863643
0.139116406,0.587851558,0.093165597,0.179866438
0.139183186,0.587764844,0.093182866,0.179869103
0.139249791,0.587677954,0.09320062,0.179871635
0.139316214,0.587590892,0.093218864,0.179874031
0.13938245,0.58750366,0.093237603,0.179876287
0.139448494,0.587416263,0.093256843,0.179878401
0.13951434,0.587328702,0.093276589,0.17988037
0.139579982,0.58724098,0.093296847,0.179882191
0.139645418,0.587153099,0.093317622,0.179883862
0.139710642,0.587065059,0.093338919,0.17988538
0.13977565,0.586976862,0.093360744,0.179886743
0.13984044,0.586888509,0.093383102,0.17988795
0.139905006,0.586799999,0.093405996,0.179889
0.139969345,0.586711333,0.093429432,0.179889891
0.140033453,0.586622512,0.093453413,0.179890622
0.140097327,0.586533535,0.093477944,0.179891194
0.140160962,0.586444404,0.093503028,0.179891606
0.140224355,0.586355119,0.09352867,0.179891856
0.140287503,0.58626568,0.093554872,0.179891946
0.140350401,0.586176087,0.093581638,0.179891874
0.140413046,0.58608634,0.093608973,0.179891641
0.140475435,0.58599644,0.093636878,0.179891248
0.140537563,0.585906388,0.093665356,0.179890693
0.140599428,0.585816185,0.093694411,0.179889976
0.140661026,0.585725833,0.093724045,0.179889096
0.140722353,0.585635335,0.093754259,0.179888053
0.140783405,0.585544693,0.093785055,0.179886847
0.140844179,0.585453907,0.093816436,0.179885478
0.140904672,0.58536298,0.093848403,0.179883945
0.140964879,0.585271914,0.093880956,0.17988225
0.141024799,0.58518071,0.093914098,0.179880393
0.141084428,0.585089372,0.093947827,0.179878372
0.141143763,0.584997902,0.093982145,0.179876191
0.141202799,0.584906301,0.094017051,0.179873849
0.141261534,0.584814571,0.094052545,0.17987135
0.141319964,0.584722716,0.094088627,0.179868694
0.141378086,0.584630735,0.094125295,0.179865884
0.141435896,0.584538633,0.094162549,0.179862921
0.141493393,0.584446412,0.094200389,0.179859807
0.141550572,0.584354074,0.094238811,0.179856542
0.141607432,0.584261624,0.094277817,0.179853127
0.141663969,0.584169066,0.094317403,0.179849563
0.14172018,0.584076401,0.094357568,0.17984585
0.141776064,0.583983634,0.094398312,0.17984199
0.141831618,0.583890766,0.094439633,0.179837983
0.141886839,0.5837978,0.094481531,0.17983383
0.141941726,0.583704736,0.094524006,0.179829532
0.141996276,0.583611576,0.094567059,0.179825089
0.142050487,0.583518321,0.09461069,0.179820502
0.142104358,0.583424971,0.094654901,0.17981577
0.142157886,0.583331529,0.094699694,0.179810891
0.142211069,0.583237993,0.094745074,0.179805864
0.142263905,0.583144362,0.094791047,0.179800687
0.14231639,0.583050634,0.094837618,0.179795358
0.142368524,0.582956807,0.094884795,0.179789874
0.142420304,0.582862882,0.094932581,0.179784233
0.142471728,0.582768855,0.094980984,0.179778432
0.142522795,0.582674728,0.095030008,0.179772469
0.142573502,0.5825805,0.095079658,0.179766341
0.142623847,0.582486169,0.09512994,0.179760044
0.142673828,0.582391736,0.095180858,0.179753577
0.142723444,0.5822972,0.095232419,0.179746937
0.142772692,0.582202561,0.095284626,0.179740121
0.14282157,0.582107818,0.095337485,0.179733127
0.142870077,0.582012972,0.095391,0.179725951
0.14291821,0.581918024,0.095445174,0.179718592
0.142965968,0.581822974,0.095500012,0.179711045
0.14301335,0.581727823,0.095555518,0.17970331
0.143060352,0.581632571,0.095611695,0.179695383
0.143106973,0.581537217,0.095668547,0.179687263
0.14315321,0.581441763,0.095726078,0.179678948
0.143199063,0.581346208,0.095784293,0.179670437
0.143244528,0.581250552,0.095843193,0.179661727
0.143289606,0.581154796,0.095902783,0.179652815
0.143334293,0.581058942,0.095963065,0.1796437
0.143378588,0.58096299,0.096024044,0.179634379
0.143422489,0.58086694,0.096085721,0.17962485
0.143465995,0.580770794,0.096148101,0.179615111
0.143509104,0.580674551,0.096211185,0.17960516
0.143551815,0.580578213,0.096274976,0.179594996
0.143594126,0.580481781,0.096339476,0.179584617
0.143636037,0.580385257,0.096404684,0.179574022
0.143677545,0.580288642,0.096470603,0.17956321
0.143718649,0.580191937,0.096537233,0.179552181
0.143759347,0.580095142,0.096604575,0.179540935
0.143799638,0.579998258,0.096672631,0.179529473
0.143839519,0.579901287,0.0967414,0.179517794
0.14387899,0.579804229,0.096810883,0.179505898
0.14391805,0.579707085,0.096881081,0.179493785
0.143956696,0.579609857,0.096951992,0.179481455
0.143994929,0.579512547,0.097023617,0.179468907
0.144032746,0.579415157,0.097095954,0.179456142
0.144070147,0.579317688,0.097169004,0.17944316
0.14410713,0.579220142,0.097242766,0.179429961
0.144143695,0.579122521,0.097317239,0.179416546
0.144179839,0.579024825,0.097392423,0.179402914
0.144215563,0.578927055,0.097468317,0.179389065
0.144250864,0.578829212,0.097544923,0.179375001
0.144285742,0.578731298,0.097622239,0.17936072
0.144320196,0.578633315,0.097700266,0.179346224
0.144354223,0.578535262,0.097779003,0.179331513
0.144387823,0.578437142,0.097858448,0.179316587
0.144420994,0.578338955,0.097938602,0.179301449
0.144453737,0.578240702,0.098019464,0.179286098
0.144486048,0.578142384,0.098101031,0.179270538
0.144517927,0.578044002,0.098183302,0.179254768
0.144549373,0.577945559,0.098266277,0.179238791
0.144580384,0.577847055,0.098349954,0.179222608
0.144610958,0.577748493,0.098434331,0.179206218
0.144641095,0.577649873,0.098519407,0.179189625
0.144670793,0.577551198,0.098605181,0.179172827
0.144700051,0.577452468,0.098691654,0.179155827
0.144728868,0.577353685,0.098778822,0.179138624
0.144757243,0.577254851,0.098866685,0.17912122
0.144785175,0.57715597,0.098955241,0.179103614
0.144812662,0.577057044,0.099044488,0.179085806
0.144839703,0.576958076,0.099134424,0.179067797
0.144866298,0.57685907,0.099225046,0.179049587
0.144892444,0.576760029,0.099316352,0.179031175
0.144918142,0.576660956,0.09940834,0.179012562
0.144943389,0.576561854,0.099501009,0.178993749
0.144968184,0.576462727,0.099594354,0.178974734
0.144992528,0.576363581,0.099688374,0.178955518
0.145016417,0.576264419,0.099783065,0.178936099
0.145039853,0.576165248,0.099878424,0.178916476
0.145062833,0.576066072,0.099974447,0.178896648
0.145085358,0.575966897,0.10007113,0.178876616
0.145107426,0.575867726,0.100168471,0.178856378
0.145129038,0.575768564,0.100266464,0.178835933
0.145150195,0.575669416,0.100365107,0.178815282
0.145170896,0.575570286,0.100464395,0.178794423
0.145191141,0.57547118,0.100564324,0.178773355
0.145210931,0.575372101,0.100664889,0.178752079
0.145230267,0.575273056,0.100766085,0.178730592
0.145249148,0.575174048,0.100867911,0.178708893
0.145267574,0.575075083,0.100970362,0.178686981
0.145285545,0.574976164,0.101073436,0.178664854
0.14530306,0.574877295,0.101177133,0.178642512
0.145320119,0.574778479,0.10128145,0.178619952
0.14533672,0.574679721,0.101386387,0.178597172
0.145352863,0.574581021,0.101491946,0.17857417
0.145368546,0.574482383,0.101598127,0.178550944
0.145383769,0.574383806,0.101704934,0.178527491
0.145398529,0.57428529,0.101812372,0.178503809
0.145412826,0.574186835,0.101920444,0.178479896
0.145426657,0.574088438,0.102029154,0.178455751
0.145440021,0.573990101,0.102138507,0.178431372
0.145452917,0.573891822,0.102248505,0.178406757
0.145465343,0.573793601,0.102359152,0.178381904
0.145477299,0.573695438,0.102470451,0.178356813
0.145488782,0.573597331,0.102582405,0.178331483
0.145499791,0.573499278,0.102695018,0.178305913
0.145510325,0.573401279,0.102808292,0.178280104
0.145520382,0.573303329,0.102922232,0.178254058
0.14552996,0.573205428,0.103036839,0.178227773
0.145539058,0.573107574,0.103152117,0.178201251
0.145547674,0.573009767,0.103268068,0.178174491
0.145555805,0.572912005,0.103384696,0.178147495
0.145563449,0.572814288,0.103502,0.178120262
0.145570605,0.572716615,0.103619985,0.178092795
0.145577271,0.572618985,0.103738651,0.178065093
0.145583445,0.572521397,0.103858,0.178037159
0.145589124,0.572423849,0.103978033,0.178008994
0.145594308,0.57232634,0.104098751,0.177980601
0.145598994,0.57222887,0.104220155,0.177951982
0.14560318,0.572131438,0.104342244,0.177923137
0.145606864,0.572034047,0.10446502,0.177894069
0.145610043,0.571936697,0.104588482,0.177864778
0.145612715,0.571839387,0.104712631,0.177835266
0.145614878,0.57174212,0.104837467,0.177805534
0.145616529,0.571644896,0.10496299,0.177775584
0.145617668,0.571547717,0.105089198,0.177745417
0.145618291,0.571450583,0.105216092,0.177715034
0.145618396,0.571353499,0.105343668,0.177684437
0.145617981,0.571256466,0.105471926,0.177653627
0.145617045,0.571159486,0.105600865,0.177622604
0.145615585,0.571062563,0.105730482,0.17759137
0.145613601,0.570965697,0.105860777,0.177559925
0.145611091,0.57086889,0.105991749,0.177528269
0.145608054,0.570772146,0.106123396,0.177496404
0.14560449,0.570675465,0.106255716,0.177464329
0.145600399,0.570578849,0.106388708,0.177432045
0.14559578,0.570482299,0.106522369,0.177399552
0.145590635,0.570385818,0.106656697,0.17736685
0.145584962,0.570289405,0.106791693,0.17733394
0.145578764,0.57019306,0.106927354,0.177300822
0.145572042,0.57009678,0.107063682,0.177267496
0.1455648,0.570000562,0.107200677,0.177233961
0.145557041,0.569904404,0.10733834,0.177200215
0.145548767,0.5698083,0.107476673,0.17716626
0.145539983,0.569712245,0.107615679,0.177132093
0.14553069,0.569616233,0.10775536,0.177097717
0.145520893,0.56952026,0.107895717,0.17706313
0.145510596,0.569424317,0.108036754,0.177028333
0.145499801,0.5693284,0.108178472,0.176993327
0.145488514,0.569232502,0.108320874,0.176958111
0.145476737,0.569136617,0.108463962,0.176922684
0.145464475,0.56904074,0.108607738,0.176887048
0.145451731,0.568944867,0.108752203,0.176851199
0.145438509,0.568848993,0.108897361,0.176815137
0.145424814,0.568753113,0.109043212,0.176778861
0.14541065,0.568657221,0.109189758,0.176742371
0.145396022,0.568561315,0.109336999,0.176705664
0.145380933,0.568465388,0.109484938,0.176668741
0.145365388,0.568369437,0.109633573,0.176631602
0.145349391,0.568273459,0.109782904,0.176594246
0.145332947,0.568177449,0.109932932,0.176556672
0.145316059,0.568081404,0.110083656,0.176518881
0.145298733,0.56798532,0.110235073,0.176480873
0.145280973,0.567889194,0.110387184,0.176442649
0.145262783,0.567793022,0.110539987,0.176404208
0.145244167,0.5676968,0.110693479,0.176365553
0.14522513,0.567600527,0.11084766,0.176326683
0.145205674,0.5675042,0.111002527,0.176287599
0.145185805,0.567407817,0.111158078,0.1762483
0.145165526,0.567311375,0.111314312,0.176208787
0.145144841,0.567214875,0.111471226,0.176169058
0.145123755,0.567118312,0.111628818,0.176129114
0.145102272,0.567021686,0.111787088,0.176088954
0.145080395,0.566924993,0.111946034,0.176048578
0.145058131,0.56682823,0.112105654,0.176007984
0.145035483,0.566731395,0.112265949,0.175967173
0.145012456,0.566634485,0.112426916,0.175926143
0.144989054,0.566537497,0.112588556,0.175884893
0.164341788,0.732120158,0.014575436,0.088962617
0.164365508,0.732049664,0.014570591,0.089014238
0.164389388,0.73197886,0.014565739,0.089066014
0.164413429,0.731907749,0.014560878,0.089117944
0.164437632,0.731836332,0.014556011,0.089170025
0.164461997,0.731764611,0.014551136,0.089222256
0.164486526,0.731692587,0.014546254,0.089274633
0.164511217,0.731620263,0.014541365,0.089327155
0.164536071,0.73154764,0.01453647,0.089379819
0.164561087,0.731474722,0.014531568,0.089432623
0.164586265,0.731401512,0.014526659,0.089485564
0.164611605,0.731328012,0.014521744,0.08953864
0.164637105,0.731254226,0.014516821,0.089591848
0.164662765,0.731180158,0.014511891,0.089645185
0.164688584,0.731105813,0.014506954,0.08969865
0.16471456,0.731031194,0.014502008,0.089752239
0.164740692,0.730956305,0.014497054,0.089805949
0.164766978,0.730881152,0.01449209,0.089859779
0.164793417,0.73080574,0.014487118,0.089913725
0.164820007,0.730730071,0.014482137,0.089967785
0.164846747,0.730654151,0.014477147,0.090021956
0.164873633,0.730577984,0.014472148,0.090076235
0.164900665,0.730501573,0.014467142,0.09013062
0.16492784,0.730424922,0.014462128,0.09018511
0.164955156,0.730348036,0.014457107,0.090239702
0.164982612,0.730270916,0.014452078,0.090294394
0.165010205,0.730193568,0.014447043,0.090349184
0.165037935,0.730115993,0.014442001,0.090404071
0.1650658,0.730038195,0.014436952,0.090459053
0.165093798,0.729960175,0.014431896,0.090514131
0.165121928,0.729881937,0.014426833,0.090569302
0.165150188,0.729803483,0.014421763,0.090624565
0.165178578,0.729724817,0.014416686,0.09067992
0.165207096,0.72964594,0.0144116,0.090735364
0.165235741,0.729566855,0.014406506,0.090790898
0.165264511,0.729487565,0.014401404,0.09084652
0.165293405,0.729408071,0.014396294,0.09090223
0.165322424,0.729328374,0.014391176,0.090958027
0.165351565,0.729248475,0.01438605,0.09101391
0.165380828,0.729168375,0.014380918,0.091069879
0.165410212,0.729088077,0.014375778,0.091125933
