0.191999269,0.235026585,0.112919461,0.460054685
0.191671319,0.234842513,0.113405403,0.460080765
0.191345719,0.234665449,0.113885317,0.460103515
0.191022443,0.234495319,0.114359267,0.460122971
0.190701465,0.234332051,0.114827316,0.460139168
0.190382757,0.234175577,0.115289527,0.460152139
0.190066295,0.234025826,0.11574596,0.460161919
0.189752052,0.233882732,0.116196675,0.46016854
0.189440004,0.233746227,0.116641733,0.460172036
0.189130127,0.233616243,0.11708119,0.46017244
0.188822396,0.233492715,0.117515106,0.460169783
0.188516788,0.233375576,0.117943539,0.460164097
0.188213279,0.233264761,0.118366545,0.460155414
0.187911846,0.233160205,0.118784183,0.460143765
0.187612468,0.233061844,0.119196508,0.46012918
0.18731512,0.232969611,0.119603577,0.460111692
0.187019782,0.232883442,0.120005444,0.460091331
0.186726433,0.232803272,0.120402165,0.46006813
0.186435051,0.232729035,0.120793793,0.460042121
0.186145617,0.232660666,0.121180383,0.460013334
0.18585811,0.232598101,0.121561988,0.459981801
0.185572511,0.232541277,0.12193866,0.459947552
0.1852888,0.232490129,0.122310453,0.459910619
0.185006957,0.232444593,0.122677417,0.459871033
0.184726961,0.232404606,0.123039605,0.459828827
0.184448794,0.232370107,0.123397067,0.459784032
0.184172433,0.232341035,0.123749853,0.459736679
0.183897859,0.232317328,0.124098014,0.459686799
0.183625052,0.232298929,0.124441598,0.459634422
0.18335399,0.232285776,0.124780655,0.459579578
0.183084655,0.232277812,0.125115235,0.459522298
0.182817026,0.232274977,0.125445385,0.459462612
0.182551083,0.232277215,0.125771153,0.459400549
0.182286805,0.232284472,0.126092587,0.459336137
0.182024171,0.232296692,0.126409731,0.459269406
0.181763163,0.232313823,0.126722632,0.459200383
0.18150376,0.232335812,0.127031335,0.459129094
0.181245942,0.232362608,0.127335884,0.459055565
0.180989689,0.232394164,0.127636325,0.458979822
0.180734983,0.232430429,0.127932701,0.458901887
0.180481804,0.232471359,0.128225055,0.458821783
0.180230131,0.232516907,0.12851343,0.458739532
0.179979944,0.232567034,0.128797869,0.458655153
0.179731221,0.232621704,0.129078413,0.458568662
0.179483941,0.232680885,0.129355104,0.458480071
0.179238079,0.232744546,0.129627983,0.458389392
0.178993613,0.232812661,0.12989709,0.458296636
0.178750522,0.232885201,0.130162464,0.458201814
0.178508781,0.232962142,0.130424144,0.458104933
0.178268368,0.233043462,0.130682169,0.458006002
0.178029259,0.233129139,0.130936574,0.457905027
0.177791434,0.233219152,0.131187397,0.457802017
0.177554868,0.23331348,0.131434675,0.457696976
0.177319542,0.233412101,0.131678444,0.457589913
0.177085432,0.233514992,0.13191874,0.457480835
0.17685252,0.233622132,0.132155599,0.457369749
0.176620783,0.233733496,0.132389058,0.457256664
0.176390202,0.233849059,0.132619151,0.457141588
0.176160757,0.233968797,0.132845915,0.457024532
0.175932428,0.234092681,0.133069385,0.456905506
0.175705197,0.234220685,0.133289595,0.456784523
0.175479046,0.234352781,0.133506581,0.456661593
0.175253955,0.234488942,0.133720376,0.456536727
0.175029907,0.234629141,0.133931016,0.456409935
0.174806883,0.234773353,0.134138535,0.456281229
0.174584865,0.23492155,0.134342968,0.456150617
0.174363834,0.23507371,0.134544348,0.456018109
0.174143772,0.235229806,0.13474271,0.455883712
0.173924659,0.235389817,0.134938088,0.455747435
0.173706478,0.235553719,0.135130518,0.455609285
0.17348921,0.235721489,0.135320032,0.455469269
0.173272836,0.235893106,0.135506666,0.455327392
0.173057339,0.236068547,0.135690452,0.455183663
0.172842701,0.236247787,0.135871423,0.45503809
0.172628905,0.236430803,0.136049612,0.454890681
0.172415934,0.236617569,0.13622505,0.454741447
0.172203771,0.236808061,0.136397771,0.454590397
0.1719924,0.237002254,0.136567805,0.454437542
0.171781804,0.237200122,0.136735183,0.454282891
0.171571969,0.237401643,0.136899936,0.454126452
0.171362877,0.237606795,0.137062092,0.453968236
0.171154513,0.237815557,0.137221682,0.453808248
0.17094686,0.238027909,0.137378733,0.453646498
0.1707399,0.238243835,0.137533273,0.453482992
0.170533616,0.238463321,0.137685328,0.453317736
0.170327988,0.238686355,0.137834926,0.453150731
0.170122998,0.23891293,0.137982092,0.452981979
0.169918627,0.239143042,0.138126853,0.452811478
0.169714856,0.239376687,0.138269232,0.452639225
0.169511666,0.239613862,0.138409253,0.452465219
0.169309038,0.239854567,0.13854694,0.452289455
0.169106956,0.240098797,0.138682317,0.452111931
0.168905399,0.240346551,0.138815405,0.451932645
0.168704352,0.240597827,0.13894623,0.451751591
0.168503796,0.240852624,0.139074813,0.451568767
0.168303714,0.241110941,0.139201179,0.451384166
0.168104089,0.241372774,0.139325351,0.451197786
0.167904904,0.241638121,0.139447352,0.451009623
0.167706142,0.24190698,0.139567206,0.450819671
0.167507787,0.242179348,0.139684937,0.450627927
0.167309822,0.242455223,0.13980057,0.450434385
0.167112228,0.242734602,0.139914128,0.450239041
0.16691499,0.243017485,0.140025635,0.450041891
0.16671809,0.243303868,0.140135114,0.449842928
0.166521513,0.24359375,0.14024259,0.449642148
0.166325243,0.243887126,0.140348087,0.449439545
0.166129265,0.244183993,0.140451631,0.449235112
0.165933566,0.244484343,0.140553247,0.449028844
0.16573813,0.244788173,0.140652963,0.448820734
0.165542945,0.245095479,0.140750802,0.448610774
0.165347996,0.245406257,0.140846792,0.448398955
0.16515327,0.245720506,0.14094096,0.448185263
0.164958754,0.246038224,0.141033335,0.447969687
0.164764436,0.246359408,0.141123944,0.447752213
0.164570303,0.246684057,0.141212816,0.447532825
0.164376342,0.247012169,0.141299979,0.447311509
0.164182541,0.247343746,0.141385462,0.447088251
0.163988883,0.247678791,0.141469291,0.446863035
0.163795355,0.248017308,0.141551493,0.446635845
0.16360194,0.248359304,0.141632093,0.446406663
0.163408626,0.248704783,0.141711119,0.446175471
0.163215397,0.249053752,0.141788599,0.445942252
0.163022238,0.249406218,0.141864558,0.445706986
0.162829133,0.249762189,0.141939024,0.445469653
0.162636067,0.250121677,0.142012021,0.445230234
0.162443023,0.250484693,0.142083573,0.444988711
0.162249987,0.250851246,0.142153703,0.444745065
0.162056944,0.251221346,0.142222433,0.444499277
0.161863881,0.251595002,0.142289787,0.44425133
0.161670784,0.251972222,0.142355787,0.444001206
0.161477643,0.252353013,0.142420457,0.443748887
0.161284447,0.25273738,0.14248382,0.443494353
0.161091187,0.253125329,0.142545899,0.443237584
0.160897855,0.253516867,0.142606717,0.442978561
0.160704443,0.253911998,0.142666295,0.442717264
0.160510942,0.254310726,0.142724659,0.442453673
0.160317346,0.254713055,0.142781831,0.442187768
0.160123646,0.255118991,0.142837835,0.441919527
0.159929835,0.255528541,0.142892695,0.441648929
0.159735906,0.25594171,0.142946432,0.441375952
0.159541853,0.256358504,0.142999068,0.441100576
0.15934767,0.256778928,0.143050624,0.440822778
0.159153353,0.257202989,0.143101121,0.440542536
0.158958896,0.257630698,0.143150579,0.440259827
0.158764293,0.258062065,0.143199017,0.439974625
0.158569539,0.2584971,0.143246454,0.439686907
0.158374629,0.258935813,0.143292912,0.439396646
0.158179556,0.259378215,0.143338409,0.439103819
0.157984318,0.259824317,0.143382965,0.4388084
0.157788911,0.260274124,0.1434266,0.438510365
0.157593331,0.260727643,0.143469333,0.438209693
0.157397576,0.261184876,0.143511185,0.437906363
0.157201643,0.261645826,0.143552176,0.437600355
0.157005528,0.262110493,0.143592327,0.437291653
0.156809227,0.262578876,0.143631656,0.436980241
0.156612738,0.263050973,0.143670183,0.436666105
0.156416058,0.263526779,0.143707928,0.436349235
0.156219185,0.264006285,0.143744909,0.43602962
0.156022117,0.264489485,0.143781146,0.435707251
0.155824853,0.264976369,0.143816658,0.43538212
0.155627391,0.265466925,0.143851466,0.435054219
0.15542973,0.265961142,0.143885587,0.43472354
0.155231871,0.266459007,0.143919043,0.434390079
0.155033812,0.266960507,0.143951851,0.43405383
0.154835553,0.26746563,0.143984031,0.433714786
0.154637093,0.267974365,0.144015601,0.433372941
0.15443843,0.268486701,0.144046579,0.43302829
0.154239563,0.269002625,0.144076984,0.432680828
0.154040489,0.269522125,0.144106836,0.43233055
0.153841208,0.270045186,0.144136154,0.431977452
0.15364172,0.27057179,0.144164959,0.431621531
0.153442023,0.271101921,0.144193271,0.431262785
0.153242119,0.271635556,0.144221113,0.430901213
0.153042007,0.272172672,0.144248506,0.430536816
0.152841686,0.272713244,0.144275474,0.430169596
0.152641158,0.273257245,0.144302038,0.429799559
0.152440423,0.273804647,0.144328223,0.429426707
0.152239482,0.274355422,0.14435405,0.429051047
0.152038336,0.27490954,0.144379544,0.42867258
0.151836986,0.275466977,0.144404726,0.428291311
0.151635432,0.276027713,0.144429617,0.427907238
0.151433672,0.276591731,0.144454239,0.427520358
0.151231705,0.277159016,0.14447861,0.427130669
0.151029528,0.277729561,0.144502749,0.426738163
0.150827136,0.278303361,0.144526672,0.426342831
0.150624522,0.27888042,0.144550395,0.425944663
0.15042168,0.279460741,0.144573934,0.425543645
0.150218604,0.280044325,0.144597303,0.425139769
0.150015286,0.280631171,0.144620519,0.424733024
0.149811721,0.281221278,0.144643598,0.424323403
0.149607904,0.28181464,0.144666557,0.4239109
0.149403829,0.282411252,0.144689411,0.423495508
0.14919949,0.283011107,0.144712178,0.423077224
0.148994883,0.283614197,0.144734877,0.422656044
0.148790001,0.284220511,0.144757523,0.422231965
0.14858484,0.284830038,0.144780135,0.421804987
0.148379394,0.285442766,0.14480273,0.42137511
0.148173658,0.286058683,0.144825323,0.420942336
0.147967624,0.286677781,0.14484793,0.420506665
0.147761285,0.287300049,0.144870566,0.4200681
0.147554633,0.287925478,0.144893246,0.419626644
0.147347659,0.288554057,0.144915987,0.419182298
0.147140356,0.289185773,0.144938804,0.418735067
0.146932717,0.289820616,0.144961714,0.418284954
0.146724733,0.290458571,0.144984733,0.417831963
0.146516397,0.291099626,0.14500788,0.417376097
0.146307702,0.291743765,0.145031171,0.416917362
0.146098639,0.292390973,0.145054625,0.416455763
0.145889202,0.293041236,0.145078256,0.415991305
0.145679383,0.293694541,0.145102083,0.415523994
0.145469173,0.294350875,0.145126118,0.415053834
0.145258567,0.295010223,0.145150377,0.414580833
0.145047556,0.295672573,0.145174876,0.414104995
0.144836135,0.296337908,0.14519963,0.413626327
0.144624296,0.297006216,0.145224654,0.413144835
0.14441203,0.297677481,0.145249964,0.412660524
0.14419933,0.298351691,0.145275575,0.412173403
0.143986189,0.299028829,0.145301502,0.411683479
0.143772599,0.299708879,0.145327762,0.41119076
0.143558553,0.300391822,0.145354369,0.410695256
0.143344044,0.301077637,0.14538134,0.410196978
0.143129067,0.301766302,0.145408692,0.409695939
0.142913614,0.30245779,0.145436443,0.409192153
0.142697682,0.303152075,0.145464608,0.408685635
0.142481264,0.303849127,0.145493206,0.408176403
0.142264355,0.304548916,0.145522254,0.407664476
0.142046952,0.305251408,0.145551769,0.407149871
0.141829049,0.305956571,0.145581773,0.406632607
0.141610642,0.306664369,0.145612286,0.406112703
0.141391728,0.307374765,0.145643329,0.405590178
0.141172304,0.308087721,0.145674922,0.405065053
0.140952367,0.308803198,0.145707086,0.404537349
0.140731916,0.309521154,0.145739842,0.404007087
0.140510949,0.310241549,0.145773211,0.403474291
0.140289465,0.310964339,0.145807214,0.402938982
0.140067463,0.311689479,0.145841872,0.402401186
0.139844942,0.312416925,0.145877207,0.401860926
0.139621902,0.31314663,0.145913241,0.401318226
0.139398343,0.313878552,0.145949993,0.400773112
0.139174262,0.314612645,0.145987486,0.400225608
0.13894966,0.315348864,0.146025738,0.399675739
0.138724536,0.316087165,0.146064769,0.39912353
0.138498887,0.31682751,0.146104598,0.398569005
0.13827271,0.317569859,0.146145244,0.398012187
0.138046004,0.318314176,0.146186723,0.397453096
0.137818766,0.319060423,0.146229054,0.396891758
0.137590992,0.319808559,0.146272252,0.396328197
0.137362679,0.320558546,0.146316335,0.395762439
0.137133826,0.321310346,0.146361318,0.39519451
0.13690443,0.322063919,0.146407216,0.394624435
0.136674487,0.322819228,0.146454043,0.394052241
0.136443996,0.323576233,0.146501816,0.393477955
0.136212952,0.324334896,0.14655055,0.392901602
0.135981354,0.325095174,0.146600261,0.392323211
0.1357492,0.325857028,0.146650965,0.391742807
0.135516488,0.326620416,0.146702676,0.391160421
0.135283216,0.327385293,0.14675541,0.390576081
0.135049385,0.328151617,0.146809179,0.389989819
0.134814993,0.328919341,0.146863998,0.389401668
0.13458004,0.329688417,0.14691988,0.388811663
0.134344525,0.330458796,0.146976838,0.388219841
0.134108448,0.331230428,0.147034887,0.387626236
0.13387181,0.332003263,0.147094041,0.387030886
0.133634611,0.332777249,0.147154316,0.386433824
0.13339685,0.333552333,0.147215728,0.385835088
0.13315853,0.33432846,0.147278294,0.385234717
0.132919651,0.335105573,0.147342028,0.384632749
0.132680214,0.335883614,0.147406946,0.384029226
0.132440221,0.336662524,0.147473063,0.383424192
0.132199674,0.337442245,0.147540392,0.38281769
0.131958574,0.338222715,0.147608947,0.382209764
0.131716926,0.339003872,0.14767874,0.381600462
0.131474732,0.339785655,0.147749783,0.380989831
0.131231995,0.340567999,0.147822087,0.380377919
0.130988719,0.341350841,0.147895663,0.379764776
0.130744906,0.342134118,0.147970524,0.379150451
0.13050056,0.342917766,0.148046682,0.378534992
0.130255683,0.343701723,0.148124149,0.377918446
0.130010277,0.344485925,0.148202937,0.377300862
0.129764345,0.345270312,0.148283058,0.376682285
0.12951789,0.346054825,0.148364524,0.376062761
0.129270911,0.346839406,0.148447349,0.375442334
0.12902341,0.347623999,0.148531545,0.374821046
0.128775391,0.348408549,0.148617123,0.374198937
0.128526857,0.349193001,0.148704095,0.373576047
0.128277812,0.349977306,0.148792469,0.372952413
0.128028263,0.350761417,0.148882251,0.372328069
0.127778213,0.351545287,0.148973448,0.371703052
0.127527669,0.352328871,0.149066065,0.371077396
0.127276639,0.35311212,0.149160104,0.370451138
0.127025131,0.353894983,0.149255569,0.369824317
0.126773156,0.354677409,0.149352465,0.36919697
0.126520724,0.355459345,0.149450794,0.368569137
0.126267846,0.356240737,0.149550558,0.367940859
0.126014533,0.35702153,0.14965176,0.367312177
0.125760799,0.357801669,0.1497544,0.366683132
0.125506656,0.358581097,0.14985848,0.366053766
0.125252116,0.359359757,0.149964005,0.365424122
0.124997194,0.360137586,0.150070981,0.364794238
0.124741903,0.360914525,0.150179417,0.364164155
0.124486256,0.361690511,0.150289323,0.363533911
0.124230265,0.362465483,0.150400709,0.362903542
0.123973946,0.363239379,0.150513592,0.362273083
0.123717309,0.364012136,0.150627987,0.361642568
0.123460367,0.364783688,0.150743916,0.36101203
0.123203132,0.365553967,0.150861401,0.360381501
0.122945617,0.366322902,0.150980467,0.359751014
0.122687836,0.367090425,0.15110114,0.3591206
0.122429803,0.36785646,0.151223447,0.358490289
0.122171533,0.368620932,0.151347422,0.357860112
0.121913041,0.369383761,0.151473099,0.3572301
0.121654339,0.370144864,0.151600514,0.356600282
0.121395445,0.370904159,0.151729704,0.355970692
0.121136374,0.371661564,0.151860706,0.355341357
0.12087714,0.372416999,0.151993555,0.354712306
0.120617761,0.373170384,0.152128288,0.354083567
0.120358251,0.373921643,0.152264937,0.35345517
0.120098627,0.374670695,0.152403536,0.352827142
0.119838906,0.375417465,0.152544114,0.352199515
0.119579105,0.376161877,0.152686702,0.351572316
0.119319242,0.376903856,0.152831325,0.350945577
0.119059336,0.377643328,0.15297801,0.350319326
0.118799406,0.378380218,0.15312678,0.349693595
0.118539469,0.379114454,0.153277661,0.349068416
0.118279544,0.379845961,0.153430672,0.348443823
0.118019651,0.380574665,0.153585833,0.34781985
0.117759809,0.381300492,0.153743165,0.347196534
0.11750004,0.382023366,0.153902681,0.346573913
0.117240363,0.382743213,0.1540644,0.345952025
0.1169808,0.383459957,0.154228334,0.345330909
0.116721372,0.38417352,0.154394501,0.344710606
0.116462102,0.384883827,0.154562918,0.344091154
0.116203009,0.3855908,0.154733601,0.34347259
0.115944116,0.386294364,0.154906566,0.342854955
0.11568544,0.386994445,0.155081828,0.342238287
0.115426999,0.387690969,0.155259406,0.341622625
0.115168811,0.388383859,0.155439322,0.341008009
0.114910892,0.389073038,0.155621599,0.340394471
0.114653262,0.389758428,0.155806263,0.339782047
0.114395939,0.390439951,0.155993344,0.339170766
0.114138938,0.391117532,0.156182874,0.338560656
0.113882276,0.391791094,0.156374887,0.337951743
0.113625967,0.392460564,0.156569417,0.337344052
0.113370026,0.39312587,0.156766497,0.336737606
0.113114469,0.39378694,0.156966162,0.336132428
0.112859312,0.394443703,0.157168441,0.335528544
0.112604571,0.395096089,0.157373364,0.334925977
0.112350264,0.395744027,0.157580957,0.334324752
0.112096409,0.39638745,0.157791247,0.333724895
0.111843024,0.397026287,0.15800426,0.33312643
0.111590127,0.397660467,0.158220026,0.33252938
0.111337734,0.398289919,0.158438581,0.331933766
0.111085864,0.398914564,0.158659964,0.331339608
0.110834534,0.399534325,0.158884218,0.330746924
0.110583761,0.400149122,0.159111385,0.330155732
0.110333563,0.400758872,0.15934151,0.329566055
0.110083957,0.401363492,0.159574634,0.328977917
0.109834962,0.401962898,0.159810797,0.328391343
0.109586595,0.402557008,0.160050035,0.327806362
0.109338877,0.40314574,0.160292383,0.327223001
0.109091828,0.403729015,0.160537872,0.326641286
0.108845465,0.404306758,0.160786531,0.326061245
0.108599808,0.404878897,0.16103839,0.325482906
0.108354873,0.40544536,0.161293471,0.324906296
0.108110678,0.406006079,0.161551798,0.324331444
0.107867238,0.406560988,0.161813393,0.323758381
0.107624569,0.407110021,0.162078274,0.323187136
0.107382685,0.407653113,0.162346459,0.322617742
0.107141599,0.4081902,0.162617966,0.322050236
0.106901323,0.408721216,0.162892805,0.321484655
0.106661873,0.409246098,0.163170988,0.320921041
0.10642326,0.409764784,0.16345252,0.320359435
0.1061855,0.410277212,0.16373741,0.319799877
0.105948609,0.410783324,0.16402566,0.319242406
0.105712604,0.411283065,0.164317274,0.318687057
0.105477501,0.411776381,0.164612249,0.318133869
0.105243314,0.412263223,0.164910586,0.317582877
0.10501006,0.412743542,0.16521228,0.317034118
0.104777753,0.413217289,0.165517327,0.31648763
0.104546408,0.413684421,0.165825725,0.315943447
0.104316038,0.414144891,0.166137471,0.3154016
0.104086659,0.414598655,0.166452571,0.314862115
0.103858285,0.415045668,0.166771031,0.314325016
0.10363093,0.415485884,0.167092863,0.313790323
0.103404608,0.415919257,0.167418081,0.313258054
0.10317933,0.41634574,0.167746704,0.312728226
0.102955107,0.41676529,0.168078751,0.312200852
0.10273195,0.417177863,0.168414242,0.311675944
0.102509874,0.417583413,0.168753194,0.31115352
0.102288892,0.417981889,0.169095621,0.310633597
0.10206902,0.418373242,0.169441536,0.310116202
0.101850272,0.418757421,0.169790943,0.309601364
0.101632661,0.419134371,0.170143846,0.309089122
0.101416201,0.419504038,0.170500243,0.308579518
0.101200905,0.419866365,0.170860127,0.308072604
0.100986788,0.420221295,0.171223488,0.30756843
0.100773865,0.420568773,0.171590314,0.307067048
0.100562153,0.420908747,0.171960588,0.306568513
0.100351669,0.421241161,0.172334292,0.306072878
0.10014243,0.421565964,0.172711406,0.3055802
0.099934455,0.421883101,0.173091909,0.305090535
0.09972776,0.422192519,0.173475781,0.30460394
0.099522365,0.422494166,0.173862999,0.30412047
0.099318286,0.422787989,0.174253539,0.303640185
0.099115541,0.423073941,0.174647376,0.303163142
0.098914144,0.423351972,0.175044484,0.302689399
0.098714112,0.423622035,0.175444843,0.30221901
0.098515459,0.423884083,0.175848431,0.301752027
0.098318201,0.424138073,0.176255229,0.301288497
0.098122353,0.424383962,0.176665217,0.300828469
0.097927928,0.424621711,0.177078378,0.300371983
0.097734942,0.424851283,0.177494695,0.299919081
0.097543408,0.42507264,0.177914151,0.299469802
0.097353341,0.425285743,0.178336731,0.299024185
0.097164755,0.425490557,0.178762419,0.29858227
0.096977661,0.425687045,0.179191197,0.298144098
0.096792073,0.425875175,0.179623042,0.297709709
0.096608003,0.426054917,0.180057933,0.297279147
0.096425462,0.426226237,0.180495841,0.296852459
0.096244462,0.4263891,0.180936741,0.296429696
0.096065016,0.426543474,0.181380604,0.296010907
0.095887137,0.426689328,0.181827398,0.295596137
0.095710838,0.426826635,0.182277093,0.295185435
0.095536131,0.42695537,0.182729653,0.294778846
0.095363029,0.427075508,0.183185043,0.29437642
0.095191542,0.427187025,0.183643225,0.293978208
0.095021681,0.427289895,0.18410416,0.293584264
0.094853458,0.427384096,0.184567808,0.293194638
0.094686885,0.427469607,0.185034129,0.29280938
0.094521975,0.427546412,0.185503079,0.292428534
0.094358739,0.427614498,0.185974618,0.292052145
0.094197189,0.427673855,0.186448702,0.291680254
0.09403734,0.427724475,0.186925287,0.291312898
0.093879203,0.427766352,0.18740433,0.290950114
0.093722795,0.427799483,0.187885787,0.290591935
0.093568129,0.427823869,0.188369612,0.290238391
0.093415217,0.427839513,0.18885576,0.28988951
0.093264073,0.427846421,0.189344188,0.289545318
0.093114707,0.427844604,0.189834849,0.289205841
0.09296713,0.427834068,0.190327697,0.288871105
0.092821353,0.427814825,0.190822682,0.28854114
0.092677384,0.427786884,0.191319754,0.288215977
0.092535231,0.427750257,0.191818863,0.287895649
0.092394902,0.427704956,0.192319956,0.287580185
0.092256405,0.427650999,0.192822977,0.287269618
0.092119749,0.427588408,0.19332787,0.286963973
0.09198494,0.427517208,0.193834576,0.286663275
0.091851988,0.427437432,0.194343036,0.286367545
0.091720899,0.427349113,0.194853188,0.2860768
0.091591682,0.427252289,0.195364973,0.285791056
0.091464344,0.427146999,0.195878328,0.285510329
0.091338895,0.427033283,0.196393188,0.285234633
0.091215344,0.426911183,0.196909492,0.284963981
0.091093699,0.426780741,0.197427173,0.284698386
0.090973968,0.426641999,0.197946166,0.284437867
0.090856156,0.426495002,0.198466405,0.284182437
0.09074027,0.426339796,0.198987822,0.283932112
0.090626315,0.426176426,0.199510356,0.283686903
0.090514298,0.426004943,0.200033942,0.283446817
0.090404226,0.425825396,0.200558519,0.283211859
0.090296109,0.425637836,0.201084024,0.282982032
0.090189955,0.425442313,0.201610397,0.282757335
0.090085774,0.425238877,0.202137578,0.28253777
0.089983577,0.425027578,0.202665509,0.282323335
0.089883373,0.424808469,0.203194131,0.282114026
0.089785171,0.424581604,0.203723384,0.28190984
0.089688979,0.424347042,0.204253208,0.281710771
0.089594805,0.424104846,0.204783541,0.281516809
0.089502654,0.423855079,0.205314322,0.281327944
0.089412535,0.423597809,0.205845489,0.281144167
0.089324454,0.423333099,0.206376978,0.280965469
0.089238418,0.423061016,0.206908725,0.280791841
0.089154436,0.422781621,0.207440663,0.28062328
0.089072516,0.422494975,0.207972726,0.280459783
0.088992666,0.422201137,0.208504844,0.280301353
0.088914896,0.421900165,0.209036946,0.280147994
0.088839211,0.421592119,0.209568959,0.279999711
0.088765622,0.421277064,0.210100805,0.279856509
0.088694136,0.420955067,0.210632409,0.279718387
0.088624763,0.420626202,0.211163692,0.279585344
0.088557508,0.420290545,0.211694574,0.279457374
0.088492378,0.419948176,0.212224977,0.279334469
0.088429378,0.419599176,0.212754826,0.27921662
0.088368513,0.419243629,0.213284043,0.279103815
0.088309786,0.418881619,0.213812554,0.278996041
0.088253201,0.418513234,0.214340282,0.278893283
0.08819876,0.418138564,0.214867149,0.278795527
0.088146463,0.417757699,0.21539308,0.278702757
0.088096314,0.41737073,0.215917997,0.278614959
0.088048315,0.416977746,0.216441821,0.278532117
0.08800247,0.416578841,0.216964474,0.278454215
0.087958782,0.416174107,0.217485878,0.278381234
0.087917255,0.415763637,0.218005954,0.278313154
0.087877893,0.415347529,0.218524627,0.278249951
0.087840699,0.414925881,0.219041822,0.278191598
0.087805677,0.414498793,0.219557464,0.278138065
0.087772829,0.414066369,0.22007148,0.278089322
0.087742154,0.413628711,0.220583799,0.278045336
0.087713652,0.413185921,0.221094352,0.278006076
0.087687321,0.412738101,0.221603072,0.277971506
0.08766316,0.412285352,0.222109895,0.277941593
0.087641167,0.411827777,0.222614756,0.277916299
0.087621338,0.411365479,0.223117593,0.27789559
0.08760367,0.410898561,0.223618344,0.277879425
0.087588162,0.410427126,0.224116947,0.277867765
0.087574811,0.409951275,0.224613345,0.277860569
0.087563616,0.40947111,0.22510748,0.277857793
0.087554577,0.408986735,0.225599294,0.277859394
0.087547691,0.408498251,0.226088732,0.277865327
0.087542957,0.408005758,0.226575737,0.277875547
0.087540371,0.407509357,0.227060258,0.277890013
0.087539928,0.407009144,0.227542246,0.277908683
0.087541619,0.406505212,0.228021651,0.277931518
0.087545436,0.405997655,0.228498427,0.277958482
0.087551369,0.405486564,0.228972528,0.277989538
0.087559405,0.404972026,0.229443911,0.278024658
0.087569532,0.404454127,0.22991253,0.278063811
0.087581734,0.40393295,0.230378342,0.278106974
0.087595996,0.403408578,0.230841306,0.278154119
0.087612303,0.402881093,0.231301385,0.278205219
0.087630636,0.402350578,0.231758542,0.278260243
0.087650977,0.401817114,0.232212745,0.278319163
0.087673307,0.401280783,0.232663962,0.278381948
0.087697606,0.400741668,0.233112162,0.278448564
0.087723852,0.400199849,0.233557318,0.278518981
0.087752023,0.399655409,0.233999402,0.278593166
0.087782097,0.399108427,0.234438389,0.278671087
0.087814049,0.398558984,0.234874257,0.278752711
0.087847855,0.398007156,0.235306983,0.278838006
0.087883493,0.397453023,0.235736548,0.278926936
0.087920937,0.396896662,0.236162935,0.279019466
0.087960164,0.396338151,0.236586126,0.27911556
0.088001147,0.395777569,0.237006108,0.279215176
0.088043861,0.395214992,0.237422873,0.279318274
0.088088279,0.394650495,0.237836415,0.279424811
0.088134373,0.394084155,0.238246732,0.27953474
0.088182118,0.393516053,0.238653819,0.27964801
0.088231487,0.392946273,0.239057673,0.279764568
0.088282453,0.392374903,0.239458289,0.279884356
0.088334992,0.391802031,0.239855662,0.280007315
0.088389078,0.391227747,0.240249788,0.280133386
0.088444688,0.39065214,0.240640665,0.280262507
0.088501796,0.390075299,0.24102829,0.280394614
0.088560375,0.389497318,0.241412663,0.280529644
0.088620399,0.388918288,0.241793785,0.280667529
0.088681843,0.388338298,0.242171655,0.280808203
0.088744683,0.38775744,0.242546278,0.280951599
0.088808896,0.387175803,0.242917655,0.281097646
0.08887446,0.386593476,0.243285789,0.281246275
0.088941353,0.386010549,0.243650683,0.281397416
0.089009554,0.385427109,0.244012338,0.281550999
0.08907904,0.384843244,0.244370758,0.281706957
0.08914979,0.384259039,0.244725946,0.281865225
0.089221783,0.383674579,0.245077902,0.282025736
0.089294997,0.383089949,0.24542663,0.282188424
0.089369414,0.382505233,0.245772131,0.282353222
0.089445015,0.381920513,0.246114407,0.282520065
0.08952178,0.38133587,0.246453463,0.282688888
0.089599691,0.380751381,0.2467893,0.282859628
0.089678729,0.380167126,0.247121921,0.283032224
0.089758877,0.379583179,0.247451331,0.283206613
0.089840118,0.378999612,0.247777535,0.283382736
0.089922432,0.378416498,0.248100539,0.283560531
0.090005804,0.377833904,0.248420352,0.283739941
0.090090214,0.377251896,0.248736984,0.283920906
0.090175644,0.376670539,0.249050447,0.28410337
0.090262076,0.376089891,0.249360751,0.284287282
0.090349491,0.375510008,0.249667907,0.284472594
0.09043787,0.374930943,0.249971923,0.284659264
0.090527193,0.374352747,0.250272808,0.284847253
0.090617442,0.373775468,0.250570566,0.285036524
0.090708597,0.373199155,0.250865204,0.285227044
0.09080064,0.372623855,0.251156731,0.285418775
0.09089355,0.372049611,0.251445155,0.285611684
0.090987311,0.371476468,0.251730484,0.285805737
0.091081906,0.370904469,0.252012726,0.2860009
0.091177318,0.370333658,0.252291885,0.286197139
0.091273532,0.369764079,0.252567969,0.28639442
0.09137053,0.369195779,0.252840982,0.28659271
0.091468295,0.368628801,0.253110931,0.286791972
0.091566813,0.368063191,0.253377824,0.286992173
0.091666065,0.367498992,0.253641667,0.287193276
0.091766037,0.36693625,0.253902467,0.287395245
0.091866712,0.366375008,0.254160232,0.287598048
0.091968076,0.365815305,0.25441497,0.287801649
0.092070113,0.365257181,0.25466669,0.288006016
0.092172809,0.364700676,0.254915402,0.288211113
0.092276149,0.364145825,0.255161117,0.288416909
0.092380117,0.363592665,0.255403846,0.288623372
0.0924847,0.363041229,0.2556436,0.288830471
0.09258988,0.362491551,0.255880392,0.289038176
0.092695645,0.361943664,0.256114234,0.289246458
0.092801977,0.361397597,0.25634514,0.289455286
0.092908863,0.360853381,0.256573127,0.289664629
0.093016286,0.360311044,0.256798213,0.289874457
0.093124231,0.359770614,0.257020418,0.290084737
0.093232683,0.359232118,0.25723976,0.29029544
0.093341623,0.358695583,0.257456261,0.290506533
0.093451036,0.358161034,0.257669943,0.290717986
0.093560903,0.357628495,0.257880838,0.290929764
0.093671207,0.357097986,0.258088974,0.291141833
0.093781929,0.356569529,0.258294384,0.291354158
0.093893053,0.356043141,0.258497101,0.291566705
0.094004561,0.355518841,0.258697157,0.29177944
0.094116438,0.354996647,0.258894585,0.29199233
0.094228668,0.354476574,0.259089416,0.292205342
0.094341236,0.353958638,0.259281682,0.292418444
0.094454126,0.353442857,0.259471412,0.292631605
0.094567323,0.352929244,0.259658635,0.292844797
0.094680812,0.352417812,0.259843384,0.293057991
0.094794578,0.351908572,0.260025691,0.29327116
0.094908604,0.351401532,0.260205586,0.293484277
0.095022879,0.350896702,0.260383102,0.293697317
0.095137387,0.350394091,0.260558269,0.293910254
0.095252117,0.349893708,0.260731113,0.294123062
0.095367058,0.349395563,0.260901663,0.294335716
0.095482197,0.348899665,0.261069947,0.294548192
0.095597523,0.348406022,0.261235994,0.294760462
0.095713024,0.347914644,0.261399832,0.2949725
0.095828691,0.34742554,0.26156149,0.295184279
0.095944512,0.34693872,0.261720995,0.295395773
0.096060476,0.346454192,0.261878376,0.295606955
0.096176574,0.345971968,0.26203366,0.295817798
0.096292795,0.345492055,0.262186875,0.296028275
0.096409128,0.345014466,0.262338049,0.296238357
0.096525564,0.344539208,0.262487212,0.296448015
0.096642093,0.344066293,0.262634393,0.296657221
0.096758705,0.34359573,0.26277962,0.296865945
0.09687539,0.343127529,0.262922922,0.297074159
0.096992138,0.342661696,0.263064331,0.297281836
0.09710894,0.342198238,0.263203874,0.297488948
0.097225787,0.341737163,0.26334158,0.29769547
0.097342669,0.341278474,0.263477476,0.297901381
0.097459578,0.340822177,0.263611586,0.298106659
0.097576504,0.340368276,0.263743934,0.298311286
0.097693438,0.339916776,0.263874542,0.298515244
0.097810371,0.339467681,0.264003431,0.298718516
0.097927295,0.339020994,0.264130624,0.298921087
0.098044201,0.338576717,0.264256141,0.299122942
0.09816108,0.338134851,0.264380001,0.299324068
0.098277926,0.337695396,0.264502225,0.299524453
0.09839473,0.33725835,0.264622831,0.299724089
0.098511486,0.336823712,0.264741836,0.299922967
0.098628187,0.336391475,0.264859255,0.300121082
0.098744827,0.335961637,0.264975104,0.300318432
0.098861399,0.335534191,0.265089396,0.300515014
0.098977896,0.335109132,0.265202146,0.300710826
0.099094313,0.334686453,0.265313368,0.300905866
0.099210641,0.334266149,0.265423077,0.301100133
0.099326875,0.333848211,0.265531289,0.301293624
0.099443009,0.333432634,0.26563802,0.301486337
0.099559037,0.333019409,0.265743285,0.301678269
0.099674952,0.332608528,0.265847103,0.301869417
0.09979075,0.332199986,0.265949489,0.302059775
0.099906425,0.331793776,0.26605046,0.302249339
0.100021973,0.331389893,0.266150034,0.302438101
0.100137387,0.330988331,0.266248227,0.302626054
0.100252664,0.330589087,0.266345061,0.302813188
0.100367796,0.330192152,0.266440557,0.302999495
0.100482779,0.329797519,0.266534738,0.303184965
0.100597605,0.329405182,0.266627626,0.303369586
0.10071227,0.329015134,0.266719247,0.303553349
0.100826766,0.328627369,0.266809624,0.303736241
0.100941089,0.328241879,0.266898784,0.303918249
0.101055231,0.327858657,0.266986751,0.304099361
0.101169187,0.327477696,0.267073552,0.304279565
0.101282951,0.327098989,0.267159212,0.304458849
0.101396518,0.326722527,0.267243755,0.3046372
0.101509881,0.326348305,0.267327208,0.304814606
0.101623035,0.325976317,0.267409593,0.304991056
0.101735974,0.325606555,0.267490935,0.305166536
0.101848696,0.325239014,0.267571255,0.305341035
0.101961197,0.324873689,0.267650576,0.305514539
0.102073473,0.324510572,0.26772892,0.305687035
0.102185522,0.324149657,0.26780631,0.305858511
0.102297344,0.323790937,0.267882764,0.306028955
0.102408938,0.323434406,0.267958303,0.306198353
0.102520306,0.323080058,0.268032944,0.306366692
0.102631448,0.322727889,0.268106704,0.306533958
0.102742365,0.322377896,0.268179601,0.306700138
0.102853058,0.322030073,0.268251653,0.306865217
0.102963525,0.321684415,0.268322877,0.307029183
0.103073768,0.321340918,0.268393291,0.307192024
0.103183786,0.320999574,0.268462911,0.307353728
0.103293579,0.320660379,0.268531755,0.307514286
0.103403148,0.320323326,0.268599838,0.307673688
0.103512491,0.31998841,0.268667176,0.307831923
0.103621609,0.319655624,0.268733784,0.307988984
0.103730501,0.319324961,0.268799676,0.308144862
0.103839167,0.318996415,0.268864866,0.308299552
0.103947604,0.318669979,0.268929366,0.308453051
0.104055812,0.318345644,0.268993189,0.308605354
0.104163788,0.318023405,0.269056346,0.308756461
0.104271529,0.317703255,0.269118847,0.30890637
0.104379032,0.317385187,0.269180703,0.309055078
0.104486295,0.317069195,0.269241925,0.309202585
0.104593314,0.316755272,0.269302523,0.309348891
0.104700087,0.31644341,0.269362507,0.309493996
0.10480661,0.316133601,0.269421888,0.309637901
0.104912883,0.315825838,0.269480675,0.309780604
0.105018903,0.315520112,0.269538881,0.309922105
0.105124668,0.315216416,0.269596514,0.310062402
0.105230177,0.314914743,0.269653586,0.310201493
0.10533543,0.314615088,0.269710107,0.310339375
0.105440427,0.314317443,0.269766087,0.310476043
0.105545169,0.314021804,0.269821534,0.310611493
0.105649657,0.313728166,0.269876459,0.310745719
0.105753891,0.313436526,0.269930866,0.310878717
0.105857871,0.313146883,0.269984763,0.311010484
0.105961596,0.312859236,0.270038153,0.311141015
0.106065068,0.312573583,0.270091042,0.311270306
0.106168286,0.312289923,0.270143434,0.311398356
0.106271251,0.312008253,0.270195333,0.311525163
0.106373961,0.311728569,0.270246741,0.311650728
0.106476418,0.311450868,0.270297663,0.311775051
0.10657862,0.311175146,0.270348102,0.311898132
0.106680568,0.3109014,0.27039806,0.312019972
0.106782262,0.310629628,0.270447541,0.31214057
0.106883701,0.310359826,0.270496547,0.312259926
0.106984885,0.310091993,0.270545082,0.31237804
0.107085815,0.309826126,0.270593149,0.312494911
0.107186489,0.30956222,0.270640752,0.312610539
0.107286909,0.309300272,0.270687897,0.312724922
0.107387073,0.30904028,0.270734589,0.312838059
0.107486981,0.308782237,0.270780832,0.312949951
0.107586633,0.308526138,0.270826635,0.313060594
0.10768603,0.308271977,0.270872006,0.313169987
0.10778517,0.308019746,0.270916956,0.313278128
0.107884054,0.307769441,0.270961494,0.313385011
0.107982682,0.307521054,0.271005629,0.313490634
0.108081057,0.30727458,0.271049372,0.313594992
0.108179178,0.307030011,0.271092731,0.31369808
0.108277048,0.306787341,0.271135716,0.313799895
0.108374666,0.306546563,0.271178338,0.313900433
0.108472034,0.30630767,0.271220605,0.313999691
0.108569151,0.306070655,0.271262528,0.314097666
0.108666018,0.305835512,0.271304116,0.314194353
0.108762636,0.305602233,0.27134538,0.314289751
0.108859004,0.305370813,0.271386327,0.314383855
0.108955122,0.305141246,0.271426967,0.314476664
0.10905099,0.304913526,0.271467308,0.314568176
0.109146609,0.304687647,0.271507355,0.314658389
0.109241979,0.304463604,0.271547116,0.314747301
0.1093371,0.304241392,0.271586596,0.314834912
0.109431972,0.304021009,0.271625798,0.314921221
0.109526597,0.303802449,0.271664728,0.315006227
0.109620974,0.303585708,0.271703389,0.315089929
0.109715105,0.303370782,0.271741787,0.315172326
0.109808989,0.303157669,0.271779925,0.315253417
0.109902627,0.302946363,0.271817807,0.315333203
0.10999602,0.30273686,0.271855436,0.315411683
0.110089168,0.302529157,0.271892815,0.31548886
0.11018207,0.30232325,0.271929947,0.315564734
0.110274728,0.302119133,0.271966834,0.315639305
0.11036714,0.301916803,0.27200348,0.315712577
0.110459307,0.301716256,0.272039887,0.315784549
0.110551229,0.301517487,0.27207606,0.315855224
0.110642905,0.301320492,0.272112,0.315924603
0.110734334,0.301125264,0.272147713,0.315992689
0.110825516,0.3009318,0.272183201,0.316059483
0.110916449,0.300740093,0.27221847,0.316124988
0.111007132,0.300550136,0.272253525,0.316189207
0.111097564,0.300361923,0.272288371,0.316252142
0.111187742,0.300175446,0.272323012,0.3163138
0.111277664,0.299990698,0.272357454,0.316374184
0.111367327,0.299807671,0.272391699,0.316433303
0.111456729,0.299626356,0.272425751,0.316491165
0.111545866,0.299446743,0.272459612,0.316547779
0.111634737,0.299268823,0.272493284,0.316603155
0.111723338,0.299092588,0.27252677,0.316657304
0.111811666,0.298918026,0.272560072,0.316710236
0.111899717,0.298745128,0.272593193,0.316761963
0.111987488,0.298573882,0.272626135,0.316812494
0.112074977,0.298404279,0.272658902,0.316861843
0.112162179,0.298236307,0.272691495,0.316910018
0.112249093,0.298069957,0.272723917,0.316957033
0.112335715,0.297905215,0.272756172,0.317002897
0.112422043,0.297742073,0.272788261,0.317047623
0.112508074,0.297580518,0.272820188,0.31709122
0.112593805,0.29742054,0.272851955,0.3171337
0.112679234,0.297262127,0.272883566,0.317175073
0.11276436,0.297105267,0.272915024,0.317215349
0.112849181,0.296949949,0.272946332,0.317254538
0.112933695,0.296796161,0.272977494,0.31729265
0.113017902,0.29664389,0.273008512,0.317329696
0.113101801,0.296493124,0.273039389,0.317365685
0.113185392,0.296343852,0.273070129,0.317400627
0.113268673,0.296196062,0.273100734,0.317434531
0.113351645,0.296049742,0.273131209,0.317467404
0.113434306,0.295904883,0.273161555,0.317499256
0.113516656,0.295761475,0.273191777,0.317530092
0.113598694,0.295619507,0.273221877,0.317559922
0.113680418,0.295478973,0.27325186,0.317588749
0.113761829,0.295339862,0.273281728,0.317616581
0.113842924,0.295202168,0.273311487,0.317643422
0.113923702,0.295065881,0.273341141,0.317669275
0.114004164,0.294930994,0.273370695,0.317694147
0.114084306,0.294797499,0.273400155,0.31771804
0.114164128,0.294665386,0.273429526,0.31774096
0.11424363,0.294534648,0.273458814,0.317762909
0.114322809,0.294405276,0.273488024,0.317783891
0.114401666,0.294277263,0.273517162,0.317803909
0.114480199,0.2941506,0.273546234,0.317822968
0.114558408,0.294025279,0.273575243,0.31784107
0.114636292,0.293901292,0.273604197,0.317858219
0.114713851,0.293778629,0.273633099,0.317874422
0.114791083,0.293657281,0.273661953,0.317889683
0.114867989,0.293537237,0.273690763,0.317904011
0.114944567,0.293418487,0.273719534,0.317917413
0.115020816,0.293301018,0.273748267,0.317929899
0.115096737,0.293184819,0.273776966,0.317941477
0.115172328,0.29306988,0.273805635,0.317952157
0.115247588,0.292956189,0.273834275,0.317961947
0.115322518,0.292843734,0.273862889,0.317970859
0.115397116,0.292732503,0.273891478,0.317978903
0.115471382,0.292622485,0.273920044,0.317986089
0.115545315,0.292513668,0.273948588,0.317992429
0.115618915,0.292406039,0.27397711,0.317997935
0.115692181,0.292299587,0.274005611,0.31800262
0.115765112,0.292194299,0.274034092,0.318006496
0.115837707,0.292090162,0.274062555,0.318009576
0.115909964,0.291987162,0.274091001,0.318011872
0.115981883,0.291885287,0.274119431,0.318013398
0.116053462,0.291784522,0.274147849,0.318014167
0.116124699,0.291684853,0.274176257,0.318014191
0.116195594,0.291586265,0.274204657,0.318013484
0.116266144,0.291488745,0.274233052,0.318012059
0.11633635,0.291392278,0.274261443,0.31800993
0.116406208,0.291296851,0.274289834,0.318007108
0.116475718,0.291202451,0.274318225,0.318003606
0.116544878,0.291109068,0.274346617,0.317999436
0.116613688,0.291016689,0.274375013,0.317994609
0.116682147,0.290925304,0.274403413,0.317989137
0.116750253,0.2908349,0.274431817,0.317983029
0.116818007,0.290745468,0.274460229,0.317976296
0.116885406,0.290656997,0.274488649,0.317968948
0.11695245,0.290569477,0.274517079,0.317960994
0.117019138,0.290482897,0.274545523,0.317952441
0.117085469,0.290397249,0.274573983,0.317943299
0.117151441,0.290312522,0.274602462,0.317933575
