0.183972863,0.190941325,0.269762048,0.355323764
0.184029937,0.191042491,0.269792579,0.355134993
0.184087037,0.191144158,0.269823983,0.354944822
0.184144164,0.191246324,0.269856267,0.354753245
0.184201317,0.191348989,0.269889439,0.354560256
0.184258498,0.191452148,0.269923505,0.354365849
0.184315709,0.191555802,0.269958472,0.354170018
0.18437295,0.191659946,0.269994347,0.353972757
0.184430222,0.191764579,0.270031137,0.353774062
0.184487527,0.191869699,0.270068849,0.353573925
0.184544867,0.191975303,0.27010749,0.353372341
0.184602242,0.192081387,0.270147066,0.353169305
0.184659654,0.19218795,0.270187584,0.352964812
0.184717105,0.192294987,0.270229052,0.352758857
0.184774595,0.192402496,0.270271475,0.352551435
0.184832126,0.192510472,0.270314861,0.352342541
0.1848897,0.192618911,0.270359217,0.352132172
0.184947317,0.192727811,0.27040455,0.351920322
0.185004979,0.192837166,0.270450868,0.351706988
0.185062687,0.192946973,0.270498176,0.351492164
0.185120444,0.193057228,0.270546482,0.351275845
0.185178252,0.193167929,0.270595792,0.351058027
0.185236112,0.193279071,0.270646113,0.350838704
0.185294027,0.193390651,0.270697451,0.35061787
0.185351999,0.193502666,0.270749813,0.350395521
0.185410031,0.193615111,0.270803206,0.350171652
0.185468126,0.193727982,0.270857637,0.349946256
0.185526285,0.193841276,0.270913112,0.349719328
0.185584512,0.193954987,0.270969639,0.349490862
0.185642809,0.194069112,0.271027226,0.349260853
0.18570118,0.194183646,0.271085881,0.349029293
0.185759625,0.194298585,0.271145613,0.348796177
0.185818148,0.194413922,0.271206431,0.348561498
0.18587675,0.194529654,0.271268346,0.34832525
0.185935433,0.194645775,0.271331368,0.348087424
0.1859942,0.194762279,0.271395507,0.347848014
0.186053052,0.194879161,0.271460775,0.347607012
0.186111991,0.194996418,0.271527181,0.34736441
0.186171018,0.195114043,0.271594737,0.347120203
0.186230136,0.195232032,0.271663451,0.346874381
0.186289345,0.195350382,0.271733334,0.346626939
0.186348648,0.195469086,0.271804397,0.346377869
0.186408046,0.195588142,0.271876649,0.346127163
0.186467542,0.195707542,0.271950101,0.345874815
0.186527136,0.195827284,0.272024763,0.345620817
0.18658683,0.195947362,0.272100645,0.345365163
0.186646627,0.19606777,0.272177758,0.345107844
0.186706528,0.196188505,0.272256112,0.344848855
0.186766535,0.196309561,0.272335717,0.344588188
0.186826651,0.196430932,0.272416582,0.344325836
0.186886877,0.196552613,0.272498718,0.344061791
0.186947217,0.1966746,0.272582136,0.343796048
0.187007671,0.196796886,0.272666844,0.343528599
0.187068242,0.196919468,0.272752854,0.343259437
0.187128932,0.197042338,0.272840174,0.342988555
0.187189745,0.197165494,0.272928815,0.342715946
0.187250681,0.197288929,0.273018787,0.342441603
0.187311743,0.197412639,0.273110099,0.342165519
0.187372933,0.197536619,0.273202762,0.341887686
0.187434254,0.197660864,0.273296784,0.341608097
0.187495707,0.19778537,0.273392177,0.341326746
0.187557294,0.197910132,0.273488951,0.341043623
0.187619017,0.198035145,0.273587115,0.340758723
0.187680878,0.198160406,0.273686679,0.340472036
0.187742879,0.198285911,0.273787655,0.340183556
0.18780502,0.198411655,0.273890051,0.339893275
0.187867303,0.198537636,0.273993878,0.339601183
0.187929729,0.198663852,0.274099146,0.339307273
0.187992301,0.1987903,0.274205865,0.339011534
0.188055019,0.198916979,0.274314045,0.338713957
0.188117884,0.199043889,0.274423695,0.338414532
0.188180897,0.199171027,0.274534828,0.338113248
0.188244058,0.199298393,0.274647456,0.337810093
0.188307367,0.199425986,0.274761591,0.337505055
0.188370825,0.199553804,0.274877249,0.337198122
0.188434434,0.199681843,0.274994441,0.336889281
0.188498195,0.199810102,0.275113183,0.33657852
0.188562111,0.199938578,0.275233488,0.336265824
0.188626182,0.200067271,0.275355368,0.33595118
0.18869041,0.200196178,0.275478837,0.335634575
0.188754798,0.200325301,0.275603908,0.335315994
0.188819346,0.200454637,0.275730594,0.334995423
0.188884056,0.200584188,0.275858906,0.334672849
0.188948932,0.200713954,0.275988858,0.334348257
0.189013973,0.200843934,0.27612046,0.334021633
0.189079184,0.200974128,0.276253724,0.333692963
0.189144567,0.201104537,0.276388662,0.333362234
0.189210125,0.20123516,0.276525283,0.333029432
0.189275859,0.201365998,0.276663599,0.332694544
0.189341775,0.201497048,0.276803621,0.332357556
0.189407873,0.201628311,0.276945359,0.332018457
0.189474157,0.201759787,0.277088824,0.331677232
0.189540631,0.201891474,0.277234026,0.331333869
0.189607297,0.202023371,0.277380975,0.330988357
0.189674157,0.202155477,0.277529682,0.330640684
0.189741216,0.20228779,0.277680157,0.330290837
0.189808474,0.20242031,0.27783241,0.329938806
0.189875935,0.202553033,0.27798645,0.329584581
0.189943602,0.202685959,0.278142289,0.32922815
0.190011476,0.202819085,0.278299934,0.328869505
0.190079561,0.202952407,0.278459396,0.328508637
0.190147856,0.203085923,0.278620684,0.328145537
0.190216366,0.203219628,0.27878381,0.327780196
0.190285091,0.20335352,0.278948783,0.327412605
0.190354033,0.203487595,0.279115616,0.327042756
0.190423193,0.203621849,0.27928432,0.326670639
0.190492573,0.20375628,0.279454904,0.326296244
0.190562174,0.203890886,0.279627379,0.325919561
0.190631997,0.204025666,0.279801755,0.325540582
0.190702045,0.204160617,0.279978043,0.325159295
0.19077232,0.204295738,0.280156253,0.324775689
0.190842827,0.204431024,0.280336395,0.324389754
0.190913571,0.204566473,0.280518477,0.324001479
0.190984558,0.20470208,0.280702511,0.323610851
0.191055793,0.204837844,0.280888504,0.323217859
0.191127281,0.204973758,0.281076468,0.322822492
0.19119903,0.205109821,0.281266412,0.322424737
0.191271045,0.205246025,0.281458347,0.322024583
0.191343331,0.205382369,0.281652281,0.321622019
0.191415894,0.205518845,0.281848226,0.321217035
0.191488741,0.20565545,0.28204619,0.320809619
0.191561877,0.205792179,0.282246184,0.32039976
0.191635308,0.205929026,0.282448216,0.31998745
0.19170904,0.206065987,0.282652296,0.319572677
0.191783078,0.206203057,0.282858432,0.319155434
0.191857427,0.20634023,0.283066634,0.318735709
0.191932094,0.206477502,0.283276912,0.318313493
0.192007081,0.206614869,0.283489276,0.317888774
0.192082395,0.206752326,0.283703737,0.317461542
0.192158043,0.206889868,0.283920304,0.317031786
0.192234031,0.20702749,0.284138987,0.316599492
0.192310366,0.207165186,0.284359798,0.316164649
0.192387057,0.207302953,0.284582748,0.315727242
0.192464109,0.207440785,0.284807851,0.315287254
0.192541528,0.207578681,0.285035123,0.314844668
0.192619323,0.207716636,0.285264577,0.314399465
0.192697501,0.207854647,0.285496226,0.313951626
0.192776072,0.20799271,0.285730084,0.313501134
0.192855045,0.208130822,0.285966161,0.313047972
0.19293443,0.208268978,0.286204469,0.312592124
0.193014237,0.208407174,0.286445016,0.312133572
0.193094477,0.208545408,0.286687815,0.3116723
0.193175158,0.208683676,0.286932876,0.311208289
0.193256289,0.208821978,0.287180213,0.310741521
0.193337877,0.208960309,0.28742984,0.310271974
0.193419933,0.209098665,0.287681774,0.309799627
0.193502467,0.209237042,0.287936033,0.309324459
0.193585487,0.20937543,0.288192633,0.308846449
0.193669005,0.209513823,0.288451596,0.308365576
0.19375303,0.209652212,0.288712942,0.307881815
0.193837569,0.209790591,0.288976698,0.307395142
0.193922634,0.20992895,0.289242888,0.306905528
0.194008233,0.21006728,0.28951154,0.306412947
0.194094378,0.210205573,0.289782678,0.305917371
0.194181079,0.210343816,0.290056327,0.305418778
0.194268346,0.210482,0.290332509,0.304917145
0.19435619,0.210620113,0.290611247,0.304412451
0.194444622,0.210758142,0.290892558,0.303904678
0.194533652,0.210896078,0.291176462,0.303393808
0.194623288,0.211033908,0.291462978,0.302879826
0.194713539,0.211171621,0.291752127,0.302362713
0.194804411,0.211309203,0.292043934,0.301842453
0.19489591,0.211446641,0.292338422,0.301319028
0.194988043,0.211583921,0.292635615,0.30079242
0.195080816,0.211721033,0.292935539,0.300262612
0.195174231,0.211857967,0.293238219,0.299729582
0.195268296,0.211994711,0.293543683,0.29919331
0.195363017,0.212131254,0.293851958,0.29865377
0.195458405,0.212267584,0.294163069,0.298110942
0.195554467,0.212403687,0.294477043,0.297564803
0.195651215,0.21253955,0.294793903,0.297015333
0.195748658,0.212675157,0.295113674,0.296462511
0.195846809,0.212810493,0.295436382,0.295906316
0.195945681,0.212945542,0.295762049,0.295346727
0.196045292,0.213080284,0.296090702,0.294783722
0.196145657,0.213214701,0.296422364,0.294217278
0.19624679,0.213348774,0.296757061,0.293647375
0.196348709,0.213482481,0.297094818,0.293073992
0.196451429,0.2136158,0.297435661,0.29249711
0.19655497,0.213748708,0.297779613,0.29191671
0.196659351,0.213881178,0.298126694,0.291332777
0.196764595,0.214013188,0.298476922,0.290745295
0.196870723,0.214144714,0.298830314,0.290154249
0.196977757,0.21427573,0.299186884,0.289559629
0.197085718,0.214406213,0.29954664,0.288961429
0.197194626,0.214536135,0.299909591,0.288359648
0.197304506,0.21466547,0.30027574,0.287754284
0.197415378,0.214794193,0.300645088,0.287145341
0.197527266,0.214922279,0.301017631,0.286532824
0.197640191,0.215049703,0.301393364,0.285916742
0.197754171,0.215176441,0.301772282,0.285297106
0.197869226,0.215302466,0.302154374,0.284673934
0.19798537,0.215427752,0.302539634,0.284047244
0.198102621,0.21555227,0.30292805,0.283417059
0.198220991,0.215675992,0.303319612,0.282783405
0.198340494,0.215798886,0.303714312,0.282146308
0.19846114,0.21592092,0.304112142,0.281505798
0.198582938,0.21604206,0.30451309,0.280861912
0.198705896,0.216162274,0.304917141,0.280214689
0.198830022,0.216281527,0.305324278,0.279564173
0.198955323,0.216399788,0.305734475,0.278910414
0.199081808,0.216517026,0.306147703,0.278253463
0.199209483,0.216633208,0.306563931,0.277593378
0.199338356,0.2167483,0.306983121,0.276930223
0.199468433,0.216862265,0.307405237,0.276264064
0.199599724,0.216975066,0.307830239,0.27559497
0.19973224,0.217086664,0.308258085,0.274923011
0.199865993,0.217197019,0.30868873,0.274248258
0.200000994,0.217306093,0.30912213,0.273570784
0.200137252,0.217413845,0.309558242,0.272890661
0.200274777,0.217520233,0.309997022,0.272207968
0.200413573,0.217625216,0.310438426,0.271522786
0.200553642,0.217728751,0.31088241,0.270835197
0.200694986,0.217830795,0.311328933,0.270145286
0.200837603,0.217931307,0.311777955,0.269453136
0.200981486,0.218030242,0.31222944,0.268758832
0.20112663,0.218127555,0.312683354,0.26806246
0.201273024,0.218223204,0.313139664,0.267364107
0.201420656,0.218317143,0.313598341,0.26666386
0.201569509,0.21840933,0.314059355,0.265961806
0.201719564,0.218499721,0.314522677,0.265258039
0.201870798,0.218588273,0.314988275,0.264552653
0.202023185,0.218674944,0.315456115,0.263845756
0.202176694,0.218759687,0.315926158,0.263137462
0.202331294,0.218842451,0.31639836,0.262427894
0.202486956,0.218923185,0.316872673,0.261717185
0.202643652,0.219001836,0.31734904,0.261005472
0.202801351,0.219078346,0.317827397,0.260292905
0.202960023,0.21915266,0.318307674,0.259579643
0.203119636,0.219224717,0.318789795,0.258865852
0.203280152,0.21929446,0.319273684,0.258151703
0.203441532,0.219361833,0.319759262,0.257437373
0.203603735,0.219426778,0.320246449,0.256723039
0.203766717,0.219489241,0.320735161,0.256008881
0.203930433,0.219549166,0.321225315,0.255295086
0.204094838,0.219606499,0.321716823,0.25458184
0.204259884,0.219661186,0.322209591,0.253869339
0.204425522,0.219713175,0.322703522,0.253157781
0.204591701,0.219762414,0.323198516,0.252447369
0.204758369,0.219808851,0.323694473,0.251738307
0.204925467,0.219852436,0.324191295,0.251030803
0.205092935,0.219893118,0.324688881,0.250325067
0.205260711,0.219930848,0.325187132,0.249621309
0.205428732,0.219965578,0.325685949,0.248919742
0.205596933,0.219997261,0.326185229,0.248220578
0.205765248,0.220025852,0.326684868,0.247524032
0.205933611,0.22005131,0.327184758,0.246830321
0.20610196,0.220073593,0.327684787,0.24613966
0.206270229,0.220092664,0.328184842,0.245452264
0.206438359,0.220108486,0.328684806,0.244768349
0.206606287,0.220121025,0.329184557,0.244088131
0.206773952,0.220130246,0.329683973,0.243411829
0.206941294,0.220136118,0.330182926,0.242739662
0.207108253,0.220138609,0.330681287,0.242071851
0.207274775,0.22013769,0.331178924,0.241408612
0.207440801,0.220133334,0.331675704,0.240750161
0.207606277,0.220125516,0.332171494,0.240096713
0.207771149,0.220114215,0.332666157,0.23944848
0.20793537,0.22009941,0.333159553,0.238805667
0.208098896,0.220081082,0.333651541,0.238168481
0.208261688,0.220059214,0.334141975,0.237537123
0.208423711,0.220033786,0.334630706,0.236911797
0.208584929,0.220004781,0.335117584,0.236292706
0.208745303,0.219972186,0.335602458,0.235680053
0.208904799,0.219935985,0.336085175,0.235074041
0.20906338,0.219896166,0.336565583,0.234474871
0.209221011,0.219852717,0.33704353,0.233882742
0.209377659,0.219805628,0.337518864,0.233297849
0.209533294,0.219754889,0.337991434,0.232720383
0.20968789,0.219700492,0.338461089,0.232150528
0.209841422,0.219642432,0.338927679,0.231588467
0.209993863,0.219580704,0.339391057,0.231034376
0.21014519,0.219515304,0.33985108,0.230488426
0.210295372,0.21944623,0.340307605,0.229950793
0.210444382,0.21937348,0.340760489,0.229421649
0.210592187,0.219297057,0.34120959,0.228901166
0.210738756,0.219216967,0.341654763,0.228389513
0.210884058,0.219133222,0.342095865,0.227886855
0.211028058,0.219045836,0.34253275,0.227393356
0.211170717,0.21895483,0.342965275,0.226909177
0.211311995,0.218860233,0.343393295,0.226434477
0.211451844,0.21876208,0.34381667,0.225969406
0.211590217,0.218660412,0.344235263,0.225514108
0.211727065,0.218555274,0.344648938,0.225068724
0.211862337,0.218446711,0.345057562,0.22463339
0.211995982,0.218334772,0.345461004,0.224208242
0.212127951,0.218219506,0.345859133,0.22379341
0.212258193,0.218100965,0.346251824,0.223389018
0.212386662,0.217979206,0.346638952,0.22299518
0.21251331,0.217854287,0.347020398,0.222612005
0.212638093,0.217726274,0.347396044,0.222239589
0.212760965,0.217595232,0.347765779,0.221878025
0.21288188,0.217461233,0.348129496,0.221527391
0.213000792,0.217324348,0.348487097,0.221187763
0.213117657,0.217184646,0.348838487,0.22085921
0.213232432,0.217042196,0.349183575,0.220541797
0.213345074,0.216897067,0.349522277,0.220235582
0.213455538,0.216749327,0.349854517,0.219940618
0.213563782,0.216599047,0.350180225,0.219656946
0.213669765,0.216446297,0.350499334,0.219384605
0.19763204,0.637188946,0.146666474,0.01851254
0.197659091,0.637122126,0.146682809,0.018535974
0.197685953,0.637054983,0.14669942,0.018559644
0.197712649,0.636987498,0.146716303,0.01858355
0.197739199,0.636919652,0.146733456,0.018607692
0.197765626,0.636851424,0.146750877,0.018632072
0.19779195,0.636782796,0.146768564,0.018656691
0.197818191,0.636713746,0.146786515,0.018681548
0.197844372,0.636644257,0.146804727,0.018706644
0.197870512,0.636574309,0.146823199,0.018731979
0.197896634,0.636503883,0.146841929,0.018757554
0.197922759,0.636432959,0.146860913,0.018783369
0.197948907,0.636361518,0.146880152,0.018809423
0.197975099,0.636289541,0.146899641,0.018835718
0.198001357,0.63621701,0.146919381,0.018862252
0.1980277,0.636143908,0.146939367,0.018889025
0.198054149,0.636070219,0.146959598,0.018916034
0.198080723,0.635995928,0.14698007,0.018943278
0.198107444,0.63592102,0.147000781,0.018970755
0.198134331,0.635845482,0.147021727,0.01899846
0.198161404,0.635769299,0.147042907,0.01902639
0.198188682,0.635692459,0.147064316,0.019054542
0.198216186,0.635614948,0.147085955,0.019082912
0.198243933,0.635536754,0.147107819,0.019111493
0.198271944,0.635457865,0.147129907,0.019140283
0.198300239,0.635378267,0.147152216,0.019169278
0.198328835,0.635297949,0.147174743,0.019198473
0.198357754,0.635216896,0.147197486,0.019227864
0.198387012,0.635135096,0.147220443,0.019257449
0.198416628,0.635052538,0.147243611,0.019287223
0.19844662,0.634969206,0.147266991,0.019317183
0.198477005,0.634885089,0.14729058,0.019347325
0.198507803,0.634800174,0.147314377,0.019377646
0.19853903,0.634714448,0.14733838,0.019408143
0.198570704,0.634627899,0.147362587,0.01943881
0.198602844,0.634540517,0.147386994,0.019469644
0.198635467,0.634452292,0.147411601,0.01950064
0.19866859,0.634363215,0.147436402,0.019531793
0.198702231,0.634273278,0.147461395,0.019563097
0.198736405,0.634182473,0.147486576,0.019594545
0.198771133,0.634090794,0.14751194,0.019626134
0.19880643,0.633998232,0.147537483,0.019657854
0.198842317,0.633904779,0.147563202,0.019689702
0.19887881,0.633810426,0.147589094,0.01972167
0.198915928,0.633715163,0.147615158,0.019753752
0.198953686,0.633618979,0.147641394,0.019785942
0.198992101,0.633521865,0.147667802,0.019818233
0.199031187,0.633423812,0.147694381,0.01985062
0.199070961,0.633324809,0.147721131,0.019883099
0.199111434,0.633224848,0.147748052,0.019915665
0.199152623,0.633123921,0.147775142,0.019948314
0.199194539,0.633022019,0.147802402,0.01998104
0.199237196,0.632919135,0.147829832,0.020013838
0.199280608,0.632815259,0.14785743,0.020046703
0.199324789,0.632710384,0.147885198,0.020079629
0.199369752,0.632604503,0.147913135,0.020112611
0.199415511,0.632497608,0.147941239,0.020145642
0.199462078,0.632389694,0.147969511,0.020178717
0.199509466,0.632280753,0.147997951,0.02021183
0.199557689,0.632170777,0.148026559,0.020244975
0.19960676,0.632059759,0.148055336,0.020278146
0.199656691,0.631947689,0.148084283,0.020311337
0.199707498,0.63183456,0.1481134,0.020344542
0.199759193,0.631720362,0.14814269,0.020377755
0.19981179,0.631605088,0.148172153,0.020410969
0.199865304,0.63148873,0.148201788,0.020444178
0.199919747,0.63137128,0.148231597,0.020477376
0.199975136,0.631252732,0.148261577,0.020510555
0.200031482,0.631133079,0.148291729,0.02054371
0.200088801,0.631012316,0.148322051,0.020576832
0.200147107,0.630890435,0.148352542,0.020609917
0.200206416,0.63076743,0.148383199,0.020642955
0.200266742,0.630643298,0.148414019,0.020675942
0.200328101,0.630518032,0.148445,0.020708868
0.200390506,0.630391629,0.148476138,0.020741727
0.200453972,0.630264084,0.148507431,0.020774513
0.20051851,0.630135392,0.148538878,0.020807219
0.200584134,0.63000555,0.148570475,0.020839841
0.200650854,0.629874553,0.14860222,0.020872373
0.200718682,0.629742397,0.14863411,0.020904811
0.200787628,0.629609081,0.148666141,0.02093715
0.200857702,0.629474602,0.148698309,0.020969387
0.200928914,0.629338959,0.148730611,0.021001517
0.201001272,0.629202151,0.148763043,0.021033534
0.201074787,0.629064177,0.148795601,0.021065435
0.201149466,0.628925037,0.148828282,0.021097216
0.201225319,0.628784729,0.14886108,0.021128873
0.201302354,0.628643252,0.148893993,0.021160401
0.201380582,0.628500607,0.148927014,0.021191797
0.20146001,0.628356792,0.14896014,0.021223058
0.201540651,0.628211808,0.148993364,0.021254177
0.201622513,0.628065655,0.14902668,0.021285151
0.201705608,0.627918334,0.149060084,0.021315975
0.201789945,0.627769844,0.149093568,0.021346643
0.201875536,0.627620185,0.149127128,0.021377151
0.201962391,0.627469356,0.149160758,0.021407495
0.20205052,0.627317358,0.149194453,0.021437669
0.202139933,0.627164189,0.149228208,0.02146767
0.20223064,0.627009851,0.149262017,0.021497492
0.202322648,0.626854344,0.149295877,0.021527131
0.202415965,0.626697666,0.149329787,0.021556582
0.202510598,0.626539816,0.149363747,0.021585839
0.202606553,0.626380792,0.149397759,0.021614896
0.202703835,0.626220591,0.149431827,0.021643747
0.202802449,0.62605921,0.149465953,0.021672388
0.202902401,0.625896645,0.149500144,0.021700811
0.203003694,0.625732891,0.149534403,0.021729011
0.203106332,0.625567947,0.149568738,0.021756984
0.203210318,0.625401807,0.149603153,0.021784723
0.203315655,0.625234467,0.149637654,0.021812224
0.203422347,0.625065923,0.149672249,0.021839481
0.203530396,0.624896169,0.149706943,0.021866492
0.203639804,0.624725199,0.149741746,0.021893251
0.203750575,0.624553007,0.149776662,0.021919755
0.203862711,0.624379588,0.149811701,0.021946
0.203976214,0.624204936,0.149846868,0.021971982
0.204091086,0.624029047,0.14988217,0.021997697
0.204207328,0.623851915,0.149917614,0.022023143
0.204324941,0.623673539,0.149953204,0.022048316
0.204443925,0.623493914,0.149988947,0.022073214
0.204564282,0.623313038,0.150024847,0.022097833
0.204686011,0.623130911,0.150060908,0.02212217
0.204809113,0.622947531,0.150097135,0.022146221
0.204933589,0.622762897,0.150133532,0.022169981
0.205059441,0.622577007,0.150170102,0.022193449
0.20518667,0.622389858,0.150206852,0.022216621
0.205315275,0.622201447,0.150243784,0.022239494
0.205445256,0.622011771,0.150280906,0.022262068
0.205576612,0.621820827,0.150318222,0.022284339
0.20570934,0.621628614,0.150355737,0.022306308
0.20584344,0.621435128,0.150393459,0.022327973
0.205978909,0.621240369,0.150431391,0.022349331
0.206115743,0.621044338,0.150469538,0.022370381
0.206253942,0.620847033,0.150507904,0.02239112
0.206393505,0.620648458,0.150546493,0.022411544
0.20653443,0.620448613,0.150585306,0.022431651
0.206676717,0.620247501,0.150624345,0.022451437
0.206820364,0.620045124,0.150663613,0.022470899
0.206965374,0.619841483,0.15070311,0.022490033
0.207111745,0.619636582,0.150742837,0.022508836
0.207259481,0.61943042,0.150782795,0.022527303
0.207408582,0.619223,0.150822986,0.022545432
0.20755905,0.619014321,0.15086341,0.022563219
0.207710886,0.618804384,0.150904069,0.022580661
0.207864091,0.618593188,0.150944964,0.022597757
0.208018667,0.618380732,0.150986098,0.022614503
0.208174617,0.618167016,0.151027471,0.022630897
0.20833194,0.617952037,0.151069087,0.022646936
0.208490637,0.617735797,0.151110946,0.02266262
0.208650711,0.617518294,0.15115305,0.022677945
0.20881216,0.617299531,0.1511954,0.022692909
0.208974984,0.61707951,0.151237995,0.02270751
0.209139184,0.616858234,0.151280837,0.022721745
0.209304758,0.616635709,0.151323922,0.022735611
0.209471706,0.616411941,0.151367248,0.022749105
0.209640025,0.616186937,0.151410812,0.022762226
0.209809716,0.615960704,0.151454608,0.022774972
0.209980776,0.615733248,0.151498635,0.022787341
0.210153204,0.615504577,0.151542888,0.022799331
0.210326999,0.615274696,0.151587364,0.022810941
0.210502157,0.615043611,0.15163206,0.022822172
0.210678677,0.614811328,0.151676973,0.022833022
0.210856554,0.614577852,0.1517221,0.022843494
0.211035784,0.614343189,0.151767437,0.02285359
0.211216361,0.614107347,0.151812982,0.02286331
0.21139828,0.613870334,0.15185873,0.022872657
0.211581533,0.61363216,0.151904677,0.022881631
0.211766114,0.613392835,0.151950818,0.022890233
0.211952015,0.613152373,0.151997149,0.022898463
0.212139229,0.612910786,0.152043664,0.022906321
0.212327748,0.612668087,0.152090356,0.022913809
0.212517563,0.612424291,0.152137221,0.022920925
0.212708666,0.612179412,0.152184251,0.022927671
0.212901048,0.611933463,0.152231442,0.022934047
0.213094701,0.611686459,0.152278787,0.022940054
0.213289616,0.611438415,0.152326279,0.022945691
0.213485784,0.611189345,0.152373914,0.022950958
0.213683195,0.610939265,0.152421685,0.022955855
0.213881841,0.610688188,0.152469589,0.022960382
0.214081709,0.610436126,0.152517623,0.022964541
0.214282788,0.610183093,0.152565786,0.022968332
0.214485066,0.6099291,0.152614075,0.022971759
0.214688531,0.609674158,0.152662489,0.022974822
0.21489317,0.60941828,0.152711024,0.022977525
0.215098971,0.609161478,0.152759681,0.022979869
0.215305919,0.608903764,0.152808458,0.022981859
0.215514,0.608645151,0.152857353,0.022983496
0.215723198,0.608385655,0.152906365,0.022984783
0.215933495,0.60812529,0.152955492,0.022985723
0.216144874,0.607864076,0.153004731,0.022986319
0.216357315,0.607602032,0.153054079,0.022986574
0.216570797,0.607339178,0.153103533,0.022986491
0.216785299,0.607075538,0.153153089,0.022986074
0.217000798,0.606811134,0.153202743,0.022985324
0.217217273,0.606545989,0.153252491,0.022984246
0.2174347,0.606280125,0.153302332,0.022982843
0.217653057,0.606013563,0.153352262,0.022981118
0.21787232,0.605746323,0.153402281,0.022979076
0.218092465,0.605478426,0.153452388,0.022976721
0.21831347,0.605209891,0.153502582,0.022974057
0.218535311,0.60494074,0.153552862,0.022971087
0.218757965,0.604670993,0.153603226,0.022967816
0.218981407,0.604400672,0.153653673,0.022964248
0.219205617,0.604129796,0.153704199,0.022960387
0.219430573,0.603858388,0.153754803,0.022956237
0.219656252,0.603586467,0.15380548,0.022951801
0.219882633,0.603314054,0.153856229,0.022947084
0.220109696,0.603041168,0.153907046,0.02294209
0.22033742,0.602767828,0.153957927,0.022936824
0.220565785,0.60249405,0.154008871,0.022931295
0.220794771,0.602219849,0.154059872,0.022925509
0.22102436,0.60194524,0.154110927,0.022919473
0.221254535,0.601670235,0.154162033,0.022913196
0.221485281,0.601394848,0.154213185,0.022906686
0.221716579,0.601119091,0.154264379,0.022899951
0.221948415,0.600842974,0.154315612,0.022892998
0.222180772,0.600566511,0.154366881,0.022885837
0.222413634,0.600289711,0.15441818,0.022878474
0.222646986,0.600012585,0.154469509,0.02287092
0.222880813,0.59973514,0.154520863,0.022863183
0.223115102,0.599457382,0.154572243,0.022855272
0.223349838,0.599179315,0.154623649,0.022847197
0.223585009,0.598900944,0.154675081,0.022838967
0.223820599,0.598622271,0.15472654,0.022830591
0.224056596,0.598343301,0.154778027,0.022822075
0.224292986,0.598064039,0.154829545,0.02281343
0.224529755,0.597784489,0.154881093,0.022804662
0.22476689,0.597504654,0.154932673,0.022795782
0.225004378,0.597224535,0.154984287,0.022786801
0.225242205,0.596944132,0.155035935,0.022777729
0.225480359,0.596663445,0.155087616,0.022768579
0.22571883,0.596382474,0.155139333,0.022759364
0.225957605,0.596101217,0.155191082,0.022750096
0.226196674,0.595819675,0.155242865,0.022740786
0.226436026,0.595537848,0.15529468,0.022731446
0.226675653,0.595255737,0.155346523,0.022722087
0.226915544,0.594973342,0.155398394,0.02271272
0.227155692,0.594690662,0.155450289,0.022703357
0.227396088,0.594407697,0.155502206,0.022694009
0.227636725,0.594124444,0.155554141,0.02268469
0.227877596,0.593840903,0.155606092,0.02267541
0.228118693,0.593557068,0.155658057,0.022666182
0.22836001,0.593272936,0.155710034,0.02265702
0.228601541,0.592988502,0.15576202,0.022647937
0.228843281,0.592703757,0.155814014,0.022638949
0.229085224,0.592418692,0.155866012,0.022630072
0.229327366,0.592133299,0.155918012,0.022621322
0.229569704,0.591847569,0.155970012,0.022612715
0.229812234,0.591561494,0.156022008,0.022604264
0.230054954,0.591275064,0.156073998,0.022595984
0.230297862,0.590988272,0.156125978,0.022587889
0.23054096,0.590701107,0.156177942,0.022579991
0.230784249,0.590413562,0.156229885,0.022572305
0.23102773,0.590125627,0.156281802,0.022564841
0.231271405,0.589837295,0.156333686,0.022557614
0.231515274,0.58954856,0.156385531,0.022550635
0.231759338,0.589259417,0.15643733,0.022543915
0.232003599,0.58896986,0.156489076,0.022537465
0.232248056,0.588679884,0.156540763,0.022531296
0.232492712,0.588389484,0.156592387,0.022525417
0.232737567,0.588098652,0.156643942,0.022519838
0.232982623,0.587807382,0.156695426,0.02251457
0.233227879,0.587515666,0.156746832,0.022509623
0.233473336,0.587223497,0.156798158,0.022505009
0.233718994,0.586930872,0.156849396,0.022500738
0.233964851,0.586637786,0.156900542,0.022496821
0.234210905,0.586344239,0.156951586,0.022493269
0.234457152,0.586050235,0.157002522,0.022490091
0.234703587,0.585755779,0.157053338,0.022487296
0.234950202,0.585460881,0.157104025,0.022484891
0.23519699,0.585165553,0.157154571,0.022482886
0.235443942,0.584869806,0.157204966,0.022481286
0.23569105,0.584573653,0.157255197,0.0224801
0.235938303,0.584277108,0.157305255,0.022479334
0.236185693,0.583980182,0.15735513,0.022478995
0.23643321,0.583682885,0.157404817,0.022479088
0.236680843,0.583385227,0.157454309,0.022479621
0.236928582,0.583087218,0.157503602,0.022480597
0.237176416,0.582788867,0.157552693,0.022482024
0.237424332,0.582490182,0.157601577,0.022483909
0.237672318,0.582191173,0.157650249,0.02248626
0.237920359,0.581891848,0.157698706,0.022489087
0.238168441,0.581592216,0.157746943,0.022492399
0.23841655,0.581292288,0.157794958,0.022496204
0.23866467,0.580992073,0.157842746,0.02250051
0.238912788,0.580691581,0.157890305,0.022505327
0.239160887,0.580390823,0.157937629,0.02251066
0.239408954,0.580089811,0.157984716,0.022516519
0.239656974,0.579788556,0.15803156,0.02252291
0.239904934,0.579487069,0.158078158,0.022529839
0.24015282,0.579185364,0.158124503,0.022537314
0.240400617,0.578883452,0.158170591,0.022545341
0.240648313,0.578581347,0.158216414,0.022553926
0.240895892,0.578279063,0.158261967,0.022563078
0.241143341,0.577976616,0.158307243,0.022572801
0.241390645,0.577674017,0.158352235,0.022583103
0.241637793,0.577371284,0.158396936,0.022593988
0.24188477,0.577068428,0.15844134,0.022605461
0.242131565,0.576765466,0.15848544,0.022617528
0.242378163,0.576462412,0.158529231,0.022630194
0.006863644,0.257009841,0.389854849,0.346271666
0.006986947,0.256891913,0.389774886,0.346346253
0.007110747,0.256771785,0.389694621,0.346422847
0.00723503,0.256649473,0.389614066,0.346501431
0.007359783,0.256524992,0.389533233,0.346581992
0.007484992,0.256398362,0.389452135,0.346664511
0.007610644,0.256269598,0.389370783,0.346748974
0.007736726,0.25613872,0.389289191,0.346835364
0.007863223,0.256005745,0.389207369,0.346923664
0.007990121,0.255870691,0.389125329,0.347013858
0.008117409,0.255733579,0.389043082,0.34710593
0.008245072,0.255594427,0.388960639,0.347199862
0.008373097,0.255453256,0.388878011,0.347295636
0.00850147,0.255310087,0.388795209,0.347393235
0.008630178,0.255164942,0.388712242,0.347492639
0.008759207,0.255017845,0.38862912,0.347593828
0.008888544,0.254868819,0.388545854,0.347696783
0.009018174,0.25471789,0.388462451,0.347801485
0.009148084,0.254565082,0.388378923,0.347907911
0.009278259,0.254410421,0.388295279,0.348016041
0.009408686,0.254253932,0.38821153,0.348125852
0.009539351,0.254095641,0.388127688,0.34823732
0.009670242,0.253935574,0.388043762,0.348350422
0.009801344,0.253773756,0.387959765,0.348465135
0.009932646,0.253610213,0.387875707,0.348581434
0.010064136,0.253444971,0.387791596,0.348699297
0.010195803,0.253278055,0.387707441,0.348818701
0.010327636,0.25310949,0.387623249,0.348939624
0.010459626,0.252939301,0.387539027,0.349062046
0.010591762,0.252767515,0.387454778,0.349185946
0.010724033,0.252594155,0.387370509,0.349311303
0.010856431,0.252419249,0.387286224,0.349438096
0.010988946,0.252242821,0.387201928,0.349566305
0.011121567,0.2520649,0.387117626,0.349695907
0.011254285,0.251885511,0.387033321,0.349826883
0.011387089,0.25170468,0.38694902,0.34995921
0.01151997,0.251522435,0.386864727,0.350092868
0.011652917,0.251338802,0.386780449,0.350227833
0.011785918,0.251153807,0.386696191,0.350364083
0.011918965,0.250967479,0.386611961,0.350501595
0.012052047,0.250779844,0.386527764,0.350640345
0.012185154,0.25059093,0.386443608,0.350780308
0.012318277,0.250400764,0.386359499,0.35092146
0.012451405,0.250209374,0.386275445,0.351063777
0.012584528,0.250016789,0.38619145,0.351207233
0.012717637,0.249823036,0.386107522,0.351351805
0.01285072,0.249628144,0.386023667,0.351497469
0.012983768,0.24943214,0.385939889,0.351644202
0.01311677,0.249235053,0.385856193,0.351791984
0.013249715,0.24903691,0.385772582,0.351940793
0.013382592,0.248837739,0.385689059,0.35209061
0.01351539,0.248637569,0.385605625,0.352241416
0.013648097,0.248436428,0.385522281,0.352393193
0.013780704,0.248234345,0.385439029,0.352545922
0.013913198,0.248031349,0.385355871,0.352699582
0.014045569,0.24782747,0.385272806,0.352854155
0.014177804,0.247622741,0.385189836,0.35300962
0.014309893,0.247417192,0.385106959,0.353165955
0.014441824,0.247210857,0.385024179,0.35332314
0.014573587,0.247003766,0.384941495,0.353481152
0.01470517,0.246795952,0.38485891,0.353639969
0.014836563,0.246587447,0.384776422,0.353799569
0.014967755,0.246378283,0.384694031,0.353959931
0.015098736,0.246168493,0.384611735,0.354121036
0.015229493,0.245958109,0.384529534,0.354282864
0.015360016,0.245747162,0.384447427,0.354445395
0.015490294,0.245535681,0.384365414,0.354608611
0.015620315,0.245323693,0.384283497,0.354772494
0.015750069,0.245111228,0.384201676,0.354937026
0.015879544,0.244898312,0.384119953,0.355102191
0.016008729,0.244684972,0.384038328,0.355267972
0.016137613,0.244471234,0.383956803,0.35543435
0.016266187,0.244257126,0.383875379,0.355601308
0.016394438,0.244042675,0.383794058,0.35576883
0.016522355,0.243827908,0.383712839,0.355936898
0.016649929,0.243612854,0.383631724,0.356105493
0.016777148,0.243397539,0.383550714,0.356274599
0.016904002,0.243181993,0.383469809,0.356444196
0.017030479,0.242966244,0.383389013,0.356614265
0.01715657,0.242750319,0.383308325,0.356784786
0.017282264,0.24253425,0.383227748,0.356955739
0.01740755,0.242318065,0.383147282,0.357127103
0.01753242,0.242101793,0.383066928,0.357298859
0.017656863,0.241885463,0.382986686,0.357470989
0.017780868,0.241669101,0.382906556,0.357643474
0.017904426,0.241452738,0.38282654,0.357816296
0.018027527,0.241236399,0.382746638,0.357989436
0.018150162,0.241020115,0.38266685,0.358162873
0.018272321,0.240803911,0.38258718,0.358336588
0.018393995,0.240587816,0.382507628,0.358510562
0.018515175,0.240371854,0.382428196,0.358684775
0.018635853,0.240156051,0.382348885,0.358859212
0.018756019,0.239940428,0.382269698,0.359033854
0.018875666,0.239725009,0.382190636,0.359208689
0.018994786,0.239509812,0.382111699,0.359383703
0.01911337,0.239294861,0.382032887,0.359558882
0.019231412,0.239080175,0.381954202,0.359734212
0.019348903,0.238865775,0.381875643,0.359909678
0.019465838,0.238651683,0.381797213,0.360085266
0.019582209,0.238437919,0.38171891,0.360260961
0.019698011,0.238224504,0.381640738,0.360436747
0.019813237,0.238011456,0.381562697,0.36061261
0.019927881,0.237798795,0.381484791,0.360788533
0.020041937,0.237586537,0.381407026,0.360964499
0.0201554,0.237374699,0.38132941,0.361140491
0.020268263,0.237163296,0.38125195,0.361316491
0.020380521,0.236952343,0.381174659,0.361492477
0.020492168,0.236741853,0.381097546,0.361668433
0.0206032,0.236531842,0.381020622,0.361844336
0.020713609,0.236322322,0.3809439,0.362020169
0.020823391,0.236113306,0.38086739,0.362195912
0.020932542,0.235904808,0.380791105,0.362371545
0.021041054,0.235696842,0.380715056,0.362547048
0.021148923,0.235489421,0.380639252,0.362722404
0.021256145,0.235282558,0.380563702,0.362897595
0.021362713,0.235076264,0.380488415,0.363072608
0.021468623,0.23487055,0.380413398,0.363247429
0.021573868,0.234665428,0.380338659,0.363422044
0.021678445,0.234460908,0.380264208,0.36359644
0.021782348,0.234257,0.380190052,0.3637706
0.021885572,0.234053714,0.380116203,0.363944511
0.021988112,0.23385106,0.380042671,0.364118157
0.022089964,0.233649047,0.379969466,0.364291523
0.022191123,0.233447684,0.379896598,0.364464595
0.022291585,0.233246981,0.379824075,0.364637359
0.022391344,0.233046945,0.379751907,0.364809803
0.022490397,0.232847585,0.379680103,0.364981915
0.022588738,0.23264891,0.379608671,0.365153681
0.022686365,0.232450927,0.379537618,0.36532509
0.022783271,0.232253644,0.379466954,0.365496131
0.022879454,0.232057067,0.379396684,0.365666795
0.022974909,0.231861202,0.379326817,0.365837071
0.023069633,0.231666056,0.37925736,0.366006951
0.023163622,0.231471634,0.379188319,0.366176425
0.023256873,0.231277944,0.379119701,0.366345482
0.023349381,0.231084992,0.379051512,0.366514115
0.023441144,0.230892785,0.378983755,0.366682316
0.02353216,0.230701329,0.378916436,0.366850075
0.023622424,0.230510631,0.378849558,0.367017387
0.023711936,0.230320696,0.378783125,0.367184243
0.023800691,0.23013153,0.378717143,0.367350636
0.023888687,0.229943136,0.378651619,0.367516558
0.023975921,0.229755517,0.378586563,0.367681998
0.024062391,0.229568677,0.378521983,0.367846948
0.024148095,0.229382618,0.378457889,0.368011398
0.02423303,0.229197343,0.378394289,0.368175338
0.024317194,0.229012856,0.37833119,0.36833876
0.024400587,0.228829159,0.378268601,0.368501654
0.024483205,0.228646255,0.378206528,0.368664012
0.024565049,0.228464148,0.378144979,0.368825823
0.024646117,0.22828284,0.378083963,0.368987079
0.024726408,0.228102335,0.378023488,0.369147769
0.024805923,0.227922634,0.37796356,0.369307884
0.024884661,0.22774374,0.377904187,0.369467412
0.024962622,0.227565655,0.377845377,0.369626345
0.025039809,0.227388384,0.377787137,0.36978467
0.025116223,0.227211927,0.377729472,0.369942378
0.025191864,0.227036288,0.37767239,0.370099458
0.025266735,0.226861469,0.377615894,0.370255902
0.025340836,0.226687472,0.377559989,0.370411703
0.025414171,0.226514296,0.377504679,0.370566853
0.025486742,0.226341942,0.377449968,0.370721348
0.02555855,0.226170407,0.377395858,0.370875185
0.025629598,0.225999691,0.377342351,0.371028361
0.025699888,0.225829789,0.377289447,0.371180877
0.025769423,0.225660696,0.377237147,0.371332734
0.025838204,0.225492406,0.377185454,0.371483937
0.025906234,0.225324912,0.377134366,0.371634487
0.025973516,0.22515821,0.377083883,0.371784391
0.026040051,0.224992291,0.377034006,0.371933652
0.026105841,0.22482715,0.376984732,0.372082277
0.02617089,0.22466278,0.376936059,0.372230271
0.026235199,0.224499174,0.376887985,0.372377642
0.026298771,0.224336325,0.376840508,0.372524396
0.026361609,0.224174226,0.376793626,0.37267054
0.026423715,0.224012867,0.376747339,0.372816079
0.026485093,0.223852239,0.376701648,0.37296102
0.026545744,0.223692331,0.376656557,0.373105368
0.026605672,0.223533133,0.376612068,0.373249126
0.02666488,0.223374634,0.376568183,0.373392302
0.026723371,0.223216824,0.376524905,0.3735349
0.026781148,0.223059692,0.376482234,0.373676926
0.026838214,0.222903229,0.37644017,0.373818387
0.026894572,0.222747424,0.376398714,0.373959291
0.026950224,0.222592268,0.376357863,0.374099645
0.027005176,0.222437754,0.376317614,0.374239456
0.027059428,0.222283875,0.376277963,0.374378733
0.027112986,0.222130624,0.376238906,0.374517485
0.027165853,0.221977993,0.376200435,0.37465572
0.027218031,0.221825973,0.376162543,0.374793453
0.027269526,0.221674556,0.376125221,0.374930698
0.027320339,0.221523732,0.376088456,0.375067473
0.027370474,0.221373493,0.376052236,0.375203797
0.027419934,0.221223829,0.37601655,0.375339688
0.027468722,0.221074731,0.375981384,0.375475164
0.02751684,0.22092619,0.375946726,0.375610245
0.027564291,0.220778198,0.375912562,0.37574495
0.027611078,0.220630746,0.37587888,0.375879296
0.027657204,0.220483827,0.375845667,0.376013303
0.027702672,0.220337431,0.375812909,0.376146988
0.027747485,0.22019155,0.375780596,0.376280369
0.027791647,0.220046177,0.375748715,0.376413462
0.027835161,0.219901306,0.375717253,0.376546281
0.02787803,0.219756931,0.375686197,0.376678842
0.02792026,0.219613047,0.375655533,0.376811161
0.027961853,0.219469648,0.375625244,0.376943254
0.028002814,0.219326729,0.375595318,0.377075139
0.028043147,0.219184285,0.375565737,0.377206831
0.028082856,0.21904231,0.375536487,0.377338347
0.028121946,0.218900801,0.375507553,0.377469701
0.028160422,0.218759751,0.375478918,0.37760091
0.028198289,0.218619155,0.375450567,0.377731989
0.028235552,0.218479007,0.375422485,0.377862955
0.028272217,0.218339303,0.375394658,0.377993822
0.028308286,0.218200036,0.375367072,0.378124606
0.028343766,0.218061201,0.375339712,0.378255321
0.028378661,0.217922791,0.375312566,0.378385982
0.028412976,0.217784799,0.37528562,0.378516605
0.028446715,0.21764722,0.375258863,0.378647202
0.028479884,0.217510048,0.375232282,0.378777787
0.028512486,0.217373279,0.375205865,0.378908369
0.028544528,0.21723691,0.375179603,0.379038959
0.028576012,0.217100936,0.375153486,0.379169566
0.028606944,0.216965356,0.375127503,0.379300197
0.028637327,0.216830169,0.375101646,0.379430858
0.028667166,0.216695374,0.375075904,0.379561556
0.028696464,0.216560972,0.375050268,0.379692296
0.028725226,0.216426963,0.375024728,0.379823084
0.028753456,0.216293348,0.374999273,0.379953923
0.028781158,0.216160127,0.374973897,0.380084818
0.028808338,0.216027301,0.37494859,0.380215771
0.028834998,0.215894871,0.374923347,0.380346784
0.028861142,0.215762839,0.374898161,0.380477857
0.028886776,0.215631206,0.374873026,0.380608991
0.028911903,0.215499977,0.374847934,0.380740186
0.028936527,0.215369155,0.374822878,0.38087144
0.028960652,0.215238748,0.374797852,0.381002749
0.02898428,0.215108761,0.374772849,0.38113411
0.029007416,0.214979199,0.374747864,0.381265521
0.029030064,0.214850068,0.37472289,0.381396979
