0.183972863,0.190941325,0.269762048,0.355323764
0.184029937,0.191042491,0.269792579,0.355134993
0.184087037,0.191144158,0.269823983,0.354944822
0.184144164,0.191246324,0.269856267,0.354753245
0.184201317,0.191348989,0.269889439,0.354560256
0.184258498,0.191452148,0.269923505,0.354365849
0.184315709,0.191555802,0.269958472,0.354170018
0.18437295,0.191659946,0.269994347,0.353972757
0.184430222,0.191764579,0.270031137,0.353774062
0.184487527,0.191869699,0.270068849,0.353573925
0.184544867,0.191975303,0.27010749,0.353372341
0.184602242,0.192081387,0.270147066,0.353169305
0.184659654,0.19218795,0.270187584,0.352964812
0.184717105,0.192294987,0.270229052,0.352758857
0.184774595,0.192402496,0.270271475,0.352551435
0.184832126,0.192510472,0.270314861,0.352342541
0.1848897,0.192618911,0.270359217,0.352132172
0.184947317,0.192727811,0.27040455,0.351920322
0.185004979,0.192837166,0.270450868,0.351706988
0.185062687,0.192946973,0.270498176,0.351492164
0.185120444,0.193057228,0.270546482,0.351275845
0.185178252,0.193167929,0.270595792,0.351058027
0.185236112,0.193279071,0.270646113,0.350838704
0.185294027,0.193390651,0.270697451,0.35061787
0.185351999,0.193502666,0.270749813,0.350395521
0.185410031,0.193615111,0.270803206,0.350171652
0.185468126,0.193727982,0.270857637,0.349946256
0.185526285,0.193841276,0.270913112,0.349719328
0.185584512,0.193954987,0.270969639,0.349490862
0.185642809,0.194069112,0.271027226,0.349260853
0.18570118,0.194183646,0.271085881,0.349029293
0.185759625,0.194298585,0.271145613,0.348796177
0.185818148,0.194413922,0.271206431,0.348561498
0.18587675,0.194529654,0.271268346,0.34832525
0.185935433,0.194645775,0.271331368,0.348087424
0.1859942,0.194762279,0.271395507,0.347848014
0.186053052,0.194879161,0.271460775,0.347607012
0.186111991,0.194996418,0.271527181,0.34736441
0.186171018,0.195114043,0.271594737,0.347120203
0.186230136,0.195232032,0.271663451,0.346874381
0.186289345,0.195350382,0.271733334,0.346626939
0.186348648,0.195469086,0.271804397,0.346377869
0.186408046,0.195588142,0.271876649,0.346127163
0.186467542,0.195707542,0.271950101,0.345874815
0.186527136,0.195827284,0.272024763,0.345620817
0.18658683,0.195947362,0.272100645,0.345365163
0.186646627,0.19606777,0.272177758,0.345107844
0.186706528,0.196188505,0.272256112,0.344848855
0.186766535,0.196309561,0.272335717,0.344588188
0.186826651,0.196430932,0.272416582,0.344325836
0.186886877,0.196552613,0.272498718,0.344061791
0.186947217,0.1966746,0.272582136,0.343796048
0.187007671,0.196796886,0.272666844,0.343528599
0.187068242,0.196919468,0.272752854,0.343259437
0.187128932,0.197042338,0.272840174,0.342988555
0.187189745,0.197165494,0.272928815,0.342715946
0.187250681,0.197288929,0.273018787,0.342441603
0.187311743,0.197412639,0.273110099,0.342165519
0.187372933,0.197536619,0.273202762,0.341887686
0.187434254,0.197660864,0.273296784,0.341608097
0.187495707,0.19778537,0.273392177,0.341326746
0.187557294,0.197910132,0.273488951,0.341043623
0.187619017,0.198035145,0.273587115,0.340758723
0.187680878,0.198160406,0.273686679,0.340472036
0.187742879,0.198285911,0.273787655,0.340183556
0.18780502,0.198411655,0.273890051,0.339893275
0.187867303,0.198537636,0.273993878,0.339601183
0.187929729,0.198663852,0.274099146,0.339307273
0.187992301,0.1987903,0.274205865,0.339011534
0.188055019,0.198916979,0.274314045,0.338713957
0.188117884,0.199043889,0.274423695,0.338414532
0.188180897,0.199171027,0.274534828,0.338113248
0.188244058,0.199298393,0.274647456,0.337810093
0.188307367,0.199425986,0.274761591,0.337505055
0.188370825,0.199553804,0.274877249,0.337198122
0.188434434,0.199681843,0.274994441,0.336889281
0.188498195,0.199810102,0.275113183,0.33657852
0.188562111,0.199938578,0.275233488,0.336265824
0.188626182,0.200067271,0.275355368,0.33595118
0.18869041,0.200196178,0.275478837,0.335634575
0.188754798,0.200325301,0.275603908,0.335315994
0.188819346,0.200454637,0.275730594,0.334995423
0.188884056,0.200584188,0.275858906,0.334672849
0.188948932,0.200713954,0.275988858,0.334348257
0.189013973,0.200843934,0.27612046,0.334021633
0.189079184,0.200974128,0.276253724,0.333692963
0.189144567,0.201104537,0.276388662,0.333362234
0.189210125,0.20123516,0.276525283,0.333029432
0.189275859,0.201365998,0.276663599,0.332694544
0.189341775,0.201497048,0.276803621,0.332357556
0.189407873,0.201628311,0.276945359,0.332018457
0.189474157,0.201759787,0.277088824,0.331677232
0.189540631,0.201891474,0.277234026,0.331333869
0.189607297,0.202023371,0.277380975,0.330988357
0.189674157,0.202155477,0.277529682,0.330640684
0.189741216,0.20228779,0.277680157,0.330290837
0.189808474,0.20242031,0.27783241,0.329938806
0.189875935,0.202553033,0.27798645,0.329584581
0.189943602,0.202685959,0.278142289,0.32922815
0.190011476,0.202819085,0.278299934,0.328869505
0.190079561,0.202952407,0.278459396,0.328508637
0.190147856,0.203085923,0.278620684,0.328145537
0.190216366,0.203219628,0.27878381,0.327780196
0.190285091,0.20335352,0.278948783,0.327412605
0.190354033,0.203487595,0.279115616,0.327042756
0.190423193,0.203621849,0.27928432,0.326670639
0.190492573,0.20375628,0.279454904,0.326296244
0.190562174,0.203890886,0.279627379,0.325919561
0.190631997,0.204025666,0.279801755,0.325540582
0.190702045,0.204160617,0.279978043,0.325159295
0.19077232,0.204295738,0.280156253,0.324775689
0.190842827,0.204431024,0.280336395,0.324389754
0.190913571,0.204566473,0.280518477,0.324001479
0.190984558,0.20470208,0.280702511,0.323610851
0.191055793,0.204837844,0.280888504,0.323217859
0.191127281,0.204973758,0.281076468,0.322822492
0.19119903,0.205109821,0.281266412,0.322424737
0.191271045,0.205246025,0.281458347,0.322024583
0.191343331,0.205382369,0.281652281,0.321622019
0.191415894,0.205518845,0.281848226,0.321217035
0.191488741,0.20565545,0.28204619,0.320809619
0.191561877,0.205792179,0.282246184,0.32039976
0.191635308,0.205929026,0.282448216,0.31998745
0.19170904,0.206065987,0.282652296,0.319572677
0.191783078,0.206203057,0.282858432,0.319155434
0.191857427,0.20634023,0.283066634,0.318735709
0.191932094,0.206477502,0.283276912,0.318313493
0.192007081,0.206614869,0.283489276,0.317888774
0.192082395,0.206752326,0.283703737,0.317461542
0.192158043,0.206889868,0.283920304,0.317031786
0.192234031,0.20702749,0.284138987,0.316599492
0.192310366,0.207165186,0.284359798,0.316164649
0.192387057,0.207302953,0.284582748,0.315727242
0.192464109,0.207440785,0.284807851,0.315287254
0.192541528,0.207578681,0.285035123,0.314844668
0.192619323,0.207716636,0.285264577,0.314399465
0.192697501,0.207854647,0.285496226,0.313951626
0.192776072,0.20799271,0.285730084,0.313501134
0.192855045,0.208130822,0.285966161,0.313047972
0.19293443,0.208268978,0.286204469,0.312592124
0.193014237,0.208407174,0.286445016,0.312133572
0.193094477,0.208545408,0.286687815,0.3116723
0.193175158,0.208683676,0.286932876,0.311208289
0.193256289,0.208821978,0.287180213,0.310741521
0.193337877,0.208960309,0.28742984,0.310271974
0.193419933,0.209098665,0.287681774,0.309799627
0.193502467,0.209237042,0.287936033,0.309324459
0.193585487,0.20937543,0.288192633,0.308846449
0.193669005,0.209513823,0.288451596,0.308365576
0.19375303,0.209652212,0.288712942,0.307881815
0.193837569,0.209790591,0.288976698,0.307395142
0.193922634,0.20992895,0.289242888,0.306905528
0.194008233,0.21006728,0.28951154,0.306412947
0.194094378,0.210205573,0.289782678,0.305917371
0.194181079,0.210343816,0.290056327,0.305418778
0.194268346,0.210482,0.290332509,0.304917145
0.19435619,0.210620113,0.290611247,0.304412451
0.194444622,0.210758142,0.290892558,0.303904678
0.194533652,0.210896078,0.291176462,0.303393808
0.194623288,0.211033908,0.291462978,0.302879826
0.194713539,0.211171621,0.291752127,0.302362713
0.194804411,0.211309203,0.292043934,0.301842453
0.19489591,0.211446641,0.292338422,0.301319028
0.194988043,0.211583921,0.292635615,0.30079242
0.195080816,0.211721033,0.292935539,0.300262612
0.195174231,0.211857967,0.293238219,0.299729582
0.195268296,0.211994711,0.293543683,0.29919331
0.195363017,0.212131254,0.293851958,0.29865377
0.195458405,0.212267584,0.294163069,0.298110942
0.195554467,0.212403687,0.294477043,0.297564803
0.195651215,0.21253955,0.294793903,0.297015333
0.195748658,0.212675157,0.295113674,0.296462511
0.195846809,0.212810493,0.295436382,0.295906316
0.195945681,0.212945542,0.295762049,0.295346727
0.196045292,0.213080284,0.296090702,0.294783722
0.196145657,0.213214701,0.296422364,0.294217278
0.19624679,0.213348774,0.296757061,0.293647375
0.196348709,0.213482481,0.297094818,0.293073992
0.196451429,0.2136158,0.297435661,0.29249711
0.19655497,0.213748708,0.297779613,0.29191671
0.196659351,0.213881178,0.298126694,0.291332777
0.196764595,0.214013188,0.298476922,0.290745295
0.196870723,0.214144714,0.298830314,0.290154249
0.196977757,0.21427573,0.299186884,0.289559629
0.197085718,0.214406213,0.29954664,0.288961429
0.197194626,0.214536135,0.299909591,0.288359648
0.197304506,0.21466547,0.30027574,0.287754284
0.197415378,0.214794193,0.300645088,0.287145341
0.197527266,0.214922279,0.301017631,0.286532824
0.197640191,0.215049703,0.301393364,0.285916742
0.197754171,0.215176441,0.301772282,0.285297106
0.197869226,0.215302466,0.302154374,0.284673934
0.19798537,0.215427752,0.302539634,0.284047244
0.198102621,0.21555227,0.30292805,0.283417059
0.198220991,0.215675992,0.303319612,0.282783405
0.198340494,0.215798886,0.303714312,0.282146308
0.19846114,0.21592092,0.304112142,0.281505798
0.198582938,0.21604206,0.30451309,0.280861912
0.198705896,0.216162274,0.304917141,0.280214689
0.198830022,0.216281527,0.305324278,0.279564173
0.198955323,0.216399788,0.305734475,0.278910414
0.199081808,0.216517026,0.306147703,0.278253463
0.199209483,0.216633208,0.306563931,0.277593378
0.199338356,0.2167483,0.306983121,0.276930223
0.199468433,0.216862265,0.307405237,0.276264064
0.199599724,0.216975066,0.307830239,0.27559497
0.19973224,0.217086664,0.308258085,0.274923011
0.199865993,0.217197019,0.30868873,0.274248258
0.200000994,0.217306093,0.30912213,0.273570784
0.200137252,0.217413845,0.309558242,0.272890661
0.200274777,0.217520233,0.309997022,0.272207968
0.200413573,0.217625216,0.310438426,0.271522786
0.200553642,0.217728751,0.31088241,0.270835197
0.200694986,0.217830795,0.311328933,0.270145286
0.200837603,0.217931307,0.311777955,0.269453136
0.200981486,0.218030242,0.31222944,0.268758832
0.20112663,0.218127555,0.312683354,0.26806246
0.201273024,0.218223204,0.313139664,0.267364107
0.201420656,0.218317143,0.313598341,0.26666386
0.201569509,0.21840933,0.314059355,0.265961806
0.201719564,0.218499721,0.314522677,0.265258039
0.201870798,0.218588273,0.314988275,0.264552653
0.202023185,0.218674944,0.315456115,0.263845756
0.202176694,0.218759687,0.315926158,0.263137462
0.202331294,0.218842451,0.31639836,0.262427894
0.202486956,0.218923185,0.316872673,0.261717185
0.202643652,0.219001836,0.31734904,0.261005472
0.202801351,0.219078346,0.317827397,0.260292905
0.202960023,0.21915266,0.318307674,0.259579643
0.203119636,0.219224717,0.318789795,0.258865852
0.203280152,0.21929446,0.319273684,0.258151703
0.203441532,0.219361833,0.319759262,0.257437373
0.203603735,0.219426778,0.320246449,0.256723039
0.203766717,0.219489241,0.320735161,0.256008881
0.203930433,0.219549166,0.321225315,0.255295086
0.204094838,0.219606499,0.321716823,0.25458184
0.204259884,0.219661186,0.322209591,0.253869339
0.204425522,0.219713175,0.322703522,0.253157781
0.204591701,0.219762414,0.323198516,0.252447369
0.204758369,0.219808851,0.323694473,0.251738307
0.204925467,0.219852436,0.324191295,0.251030803
0.205092935,0.219893118,0.324688881,0.250325067
0.205260711,0.219930848,0.325187132,0.249621309
0.205428732,0.219965578,0.325685949,0.248919742
0.205596933,0.219997261,0.326185229,0.248220578
0.205765248,0.220025852,0.326684868,0.247524032
0.205933611,0.22005131,0.327184758,0.246830321
0.20610196,0.220073593,0.327684787,0.24613966
0.206270229,0.220092664,0.328184842,0.245452264
0.206438359,0.220108486,0.328684806,0.244768349
0.206606287,0.220121025,0.329184557,0.244088131
0.206773952,0.220130246,0.329683973,0.243411829
0.206941294,0.220136118,0.330182926,0.242739662
0.207108253,0.220138609,0.330681287,0.242071851
0.207274775,0.22013769,0.331178924,0.241408612
0.207440801,0.220133334,0.331675704,0.240750161
0.207606277,0.220125516,0.332171494,0.240096713
0.207771149,0.220114215,0.332666157,0.23944848
0.20793537,0.22009941,0.333159553,0.238805667
0.208098896,0.220081082,0.333651541,0.238168481
0.208261688,0.220059214,0.334141975,0.237537123
0.208423711,0.220033786,0.334630706,0.236911797
0.208584929,0.220004781,0.335117584,0.236292706
0.208745303,0.219972186,0.335602458,0.235680053
0.208904799,0.219935985,0.336085175,0.235074041
0.20906338,0.219896166,0.336565583,0.234474871
0.209221011,0.219852717,0.33704353,0.233882742
0.209377659,0.219805628,0.337518864,0.233297849
0.209533294,0.219754889,0.337991434,0.232720383
0.20968789,0.219700492,0.338461089,0.232150528
0.209841422,0.219642432,0.338927679,0.231588467
0.209993863,0.219580704,0.339391057,0.231034376
0.21014519,0.219515304,0.33985108,0.230488426
0.210295372,0.21944623,0.340307605,0.229950793
0.210444382,0.21937348,0.340760489,0.229421649
0.210592187,0.219297057,0.34120959,0.228901166
0.210738756,0.219216967,0.341654763,0.228389513
0.210884058,0.219133222,0.342095865,0.227886855
0.211028058,0.219045836,0.34253275,0.227393356
0.211170717,0.21895483,0.342965275,0.226909177
0.211311995,0.218860233,0.343393295,0.226434477
0.211451844,0.21876208,0.34381667,0.225969406
0.211590217,0.218660412,0.344235263,0.225514108
0.211727065,0.218555274,0.344648938,0.225068724
0.211862337,0.218446711,0.345057562,0.22463339
0.211995982,0.218334772,0.345461004,0.224208242
0.212127951,0.218219506,0.345859133,0.22379341
0.212258193,0.218100965,0.346251824,0.223389018
0.212386662,0.217979206,0.346638952,0.22299518
0.21251331,0.217854287,0.347020398,0.222612005
0.212638093,0.217726274,0.347396044,0.222239589
0.212760965,0.217595232,0.347765779,0.221878025
0.21288188,0.217461233,0.348129496,0.221527391
0.213000792,0.217324348,0.348487097,0.221187763
0.213117657,0.217184646,0.348838487,0.22085921
0.213232432,0.217042196,0.349183575,0.220541797
0.213345074,0.216897067,0.349522277,0.220235582
0.213455538,0.216749327,0.349854517,0.219940618
0.213563782,0.216599047,0.350180225,0.219656946
0.213669765,0.216446297,0.350499334,0.219384605
0.213773452,0.216291147,0.350811776,0.219123624
0.213874813,0.216133666,0.351117486,0.218874036
0.213973816,0.215973924,0.351416396,0.218635864
0.214070433,0.215811992,0.351708446,0.218409129
0.214164637,0.21564794,0.351993578,0.218193844
0.214256402,0.215481841,0.35227174,0.217990016
0.214345704,0.215313765,0.352542886,0.217797645
0.214432517,0.215143784,0.352806974,0.217616724
0.21451682,0.214971966,0.353063972,0.217447242
0.214598591,0.214798384,0.353313849,0.217289177
0.214677812,0.214623105,0.353556578,0.217142504
0.214754469,0.214446201,0.353792139,0.217007191
0.214828548,0.214267742,0.354020512,0.216883198
0.214900037,0.214087796,0.354241687,0.21677048
0.21496893,0.213906432,0.354455654,0.216668984
0.215035218,0.21372372,0.354662414,0.216578648
0.215098898,0.213539727,0.35486197,0.216499405
0.215159968,0.213354521,0.355054331,0.21643118
0.215218426,0.213168171,0.35523951,0.216373892
0.215274274,0.212980745,0.355417528,0.216327453
0.215327513,0.212792311,0.355588405,0.216291771
0.215378145,0.212602937,0.355752167,0.216266751
0.215426173,0.212412688,0.355908842,0.216252296
0.215471602,0.212221631,0.356058464,0.216248303
0.215514434,0.212029829,0.356201071,0.216254666
0.215554672,0.211837348,0.356336706,0.216271274
0.215592319,0.211644254,0.356465414,0.216298013
0.215627373,0.211450613,0.356587244,0.216334771
0.215659835,0.211256488,0.356702245,0.216381432
0.215689706,0.211061944,0.356810471,0.216437879
0.215716993,0.210867044,0.356911976,0.216503987
0.215741704,0.210671851,0.357006817,0.216579629
0.215763849,0.210476424,0.357095051,0.216664675
0.215783441,0.210280825,0.357176737,0.216758996
0.215800495,0.210085113,0.357251934,0.216862459
0.215815024,0.209889346,0.357320702,0.216974929
0.215827044,0.209693584,0.357383103,0.217096269
0.21583657,0.209497887,0.357439201,0.217226341
0.215843618,0.209302318,0.357489058,0.217365006
0.215848201,0.209106941,0.357532737,0.217512121
0.215850334,0.208911819,0.357570302,0.217667544
0.215850031,0.20871702,0.357601817,0.217831132
0.215847306,0.20852261,0.357627345,0.218002739
0.215842171,0.208328659,0.357646952,0.218182218
0.215834638,0.208135238,0.357660703,0.218369421
0.215824721,0.207942412,0.357668669,0.218564197
0.215812432,0.20775025,0.357670921,0.218766396
0.215797785,0.207558817,0.357667534,0.218975865
0.215780793,0.207368174,0.357658583,0.21919245
0.215761473,0.207178382,0.357644149,0.219415996
0.215739845,0.206989497,0.357624311,0.219646347
0.215715928,0.206801572,0.357599154,0.219883345
0.215689744,0.20661466,0.357568762,0.220126834
0.215661317,0.206428809,0.357533219,0.220376655
0.215630671,0.206244066,0.357492614,0.220632649
0.215597835,0.206060472,0.357447034,0.220894659
0.215562834,0.205878067,0.35739657,0.22116253
0.215525693,0.205696886,0.357341312,0.221436109
0.215486439,0.205516963,0.357281351,0.221715247
0.215445098,0.205338333,0.357216778,0.221999791
0.215401696,0.205161028,0.357147681,0.222289595
0.215356261,0.204985078,0.35707415,0.222584511
0.215308816,0.204810515,0.356996275,0.222884393
0.215259388,0.204637369,0.356914145,0.223189098
0.215208,0.20446567,0.35682785,0.223498479
0.215154679,0.204295446,0.35673748,0.223812395
0.21509945,0.204126724,0.356643123,0.224130703
0.215042339,0.203959529,0.356544868,0.224453263
0.214983376,0.203793885,0.356442803,0.224779936
0.214922587,0.203629816,0.356337016,0.225110581
0.214860002,0.203467344,0.356227594,0.22544506
0.214795653,0.20330649,0.356114622,0.225783235
0.214729569,0.203147276,0.355998187,0.226124969
0.214661782,0.202989725,0.355878372,0.226470122
0.214592321,0.20283386,0.35575526,0.226818559
0.214521218,0.202679701,0.355628936,0.227170145
0.214448504,0.202527268,0.355499481,0.227524747
0.214374212,0.202376577,0.355366977,0.227882234
0.214298377,0.202227645,0.355231501,0.228242477
0.214221036,0.202080485,0.355093128,0.228605351
0.214142222,0.201935111,0.354951932,0.228970735
0.214061971,0.201791534,0.354807986,0.229338509
0.213980318,0.201649763,0.35466136,0.22970856
0.213897298,0.201509806,0.354512125,0.230080771
0.213812952,0.201371671,0.354360348,0.23045503
0.213727316,0.201235367,0.354206093,0.230831223
0.213640433,0.201100901,0.354049424,0.231209242
0.213552342,0.20096828,0.353890401,0.231588977
0.213463084,0.200837507,0.353729086,0.231970323
0.213372699,0.200708585,0.353565537,0.232353179
0.213281226,0.200581515,0.353399815,0.232737444
0.213188704,0.200456301,0.353231976,0.23312302
0.213095172,0.200332945,0.353062075,0.233509809
0.21300067,0.200211451,0.352890163,0.233897715
0.212905244,0.200091818,0.352716291,0.234286647
0.212808934,0.199974044,0.352540509,0.234676513
0.212711782,0.199858125,0.352362866,0.235067227
0.212613831,0.199744057,0.352183411,0.235458701
0.212515119,0.199631835,0.352002194,0.235850853
0.212415686,0.199521454,0.351819261,0.236243598
0.212315572,0.199412912,0.351634661,0.236636855
0.212214812,0.199306205,0.351448442,0.237030541
0.21211344,0.199201332,0.351260653,0.237424576
0.212011489,0.199098292,0.351071338,0.237818881
0.211908993,0.198997082,0.350880546,0.238213379
0.211805981,0.198897699,0.350688325,0.238607995
0.211702484,0.198800139,0.350494723,0.239002654
0.211598532,0.198704397,0.350299792,0.23939728
0.211494152,0.198610468,0.35010358,0.2397918
0.211389374,0.198518348,0.349906136,0.240186142
0.211284223,0.198428034,0.34970751,0.240580234
0.211178725,0.198339518,0.349507749,0.240974008
0.211072907,0.198252794,0.349306902,0.241367397
0.210966793,0.198167853,0.349105015,0.241760338
0.210860409,0.198084686,0.348902136,0.242152769
0.21075378,0.198003281,0.348698309,0.24254463
0.210646929,0.197923628,0.348493578,0.242935865
0.210539882,0.197845715,0.348287987,0.243326416
0.210432663,0.197769529,0.348081581,0.243716227
0.210325296,0.197695058,0.347874401,0.244105245
0.210217805,0.197622287,0.347666492,0.244493416
0.210110212,0.197551203,0.347457895,0.24488069
0.210002538,0.197481789,0.347248656,0.245267017
0.209894802,0.197414031,0.347038817,0.245652349
0.209787021,0.197347912,0.346828424,0.246036643
0.209679212,0.197283415,0.34661752,0.246419853
0.209571389,0.197220522,0.34640615,0.246801939
0.209463565,0.197159216,0.346194359,0.24718286
0.209355753,0.197099477,0.345982189,0.247562581
0.209247967,0.197041287,0.34576968,0.247941066
0.209140218,0.196984626,0.345556872,0.248318283
0.209032521,0.196929473,0.345343803,0.248694203
0.208924888,0.196875807,0.34513051,0.249068794
0.208817334,0.196823609,0.344917029,0.249442029
0.208709872,0.196772857,0.344703392,0.249813879
0.208602517,0.196723533,0.344489634,0.250184316
0.208495284,0.196675618,0.344275783,0.250553315
0.208388185,0.196629094,0.344061869,0.250920852
0.208281234,0.196583945,0.343847918,0.251286904
0.208174441,0.196540156,0.343633955,0.251651449
0.208067817,0.196497709,0.343420006,0.252014468
0.207961372,0.196456592,0.343206091,0.252375945
0.207855114,0.196416793,0.342992234,0.25273586
0.20774905,0.196378302,0.342778453,0.253094196
0.207643185,0.196341111,0.342564768,0.253450937
0.207537523,0.196305212,0.3423512,0.253806066
0.207432066,0.196270597,0.342137768,0.254159569
0.207326816,0.19623726,0.34192449,0.254511434
0.207221773,0.19620519,0.341711384,0.254861653
0.207116933,0.196174379,0.341498466,0.255210222
0.207012295,0.196144818,0.34128575,0.255557137
0.206907854,0.196116498,0.341073253,0.255902395
0.206803608,0.196089409,0.340860989,0.256245994
0.206699552,0.19606354,0.340648973,0.256587935
0.206595679,0.196038879,0.340437218,0.256928224
0.206491986,0.196015412,0.340225734,0.257266868
0.206388464,0.195993126,0.340014532,0.257603878
0.206285111,0.195972005,0.339803624,0.25793926
0.206181921,0.195952036,0.339593019,0.258273024
0.206078891,0.195933205,0.339382726,0.258605178
0.205976017,0.1959155,0.339172755,0.258935728
0.205873296,0.195898908,0.338963113,0.259264683
0.205770724,0.195883418,0.338753809,0.259592049
0.205668297,0.195869021,0.338544849,0.259917833
0.205566012,0.195855707,0.33833624,0.26024204
0.205463866,0.195843469,0.338127987,0.260564678
0.205361855,0.195832299,0.337920095,0.260885751
0.205259977,0.195822194,0.337712567,0.261205262
0.20515823,0.19581315,0.337505402,0.261523217
0.205056611,0.195805164,0.337298602,0.261839623
0.20495512,0.195798229,0.337092164,0.262154487
0.204853757,0.195792338,0.336886086,0.262467818
0.204752525,0.195787486,0.336680367,0.262779622
0.204651424,0.195783665,0.336475006,0.263089905
0.204550458,0.195780867,0.336270001,0.263398674
0.204449627,0.195779085,0.336065354,0.263705934
0.204348935,0.195778308,0.335861068,0.264011689
0.204248381,0.195778529,0.335657146,0.264315944
0.204147969,0.195779736,0.335453592,0.264618703
0.204047697,0.195781918,0.335250412,0.264919972
0.203947568,0.195785065,0.335047612,0.265219756
0.20384758,0.195789165,0.334845196,0.265518059
0.203747736,0.195794208,0.334643169,0.265814887
0.203648034,0.195800185,0.334441538,0.266110243
0.203548475,0.195807087,0.334240309,0.266404129
0.203449059,0.195814903,0.334039489,0.266696549
0.203349784,0.195823626,0.333839086,0.266987504
0.203250651,0.195833245,0.33363911,0.267276994
0.203151658,0.195843751,0.333439569,0.267565023
0.203052801,0.195855133,0.333240476,0.26785159
0.20295408,0.195867381,0.333041843,0.268136696
0.202855492,0.195880485,0.332843682,0.268420341
0.202757036,0.195894432,0.332646004,0.268702528
0.202658711,0.195909212,0.332448823,0.268983254
0.202560516,0.195924811,0.332252152,0.26926252
0.20246245,0.195941218,0.332056008,0.269540323
0.202364514,0.19595842,0.331860404,0.269816661
0.202266712,0.195976406,0.331665354,0.270091529
0.202169046,0.195995163,0.331470869,0.270364923
0.202071522,0.196014682,0.331276959,0.270636837
0.201974146,0.196034951,0.331083635,0.270907268
0.201876925,0.196055962,0.330890903,0.271176211
0.201779869,0.196077703,0.330698769,0.271443659
0.20168299,0.196100167,0.330507236,0.271709607
0.201586298,0.196123344,0.330316308,0.27197405
0.201489803,0.196147226,0.330125985,0.272236986
0.201393514,0.196171804,0.329936269,0.272498414
0.201297437,0.196197068,0.329747161,0.272758334
0.20120158,0.19622301,0.329558664,0.273016746
0.20110595,0.196249623,0.329370778,0.27327365
0.201010555,0.196276897,0.329183502,0.273529046
0.200915401,0.196304825,0.328996837,0.273782937
0.200820494,0.196333399,0.328810781,0.274035325
0.200725842,0.19636261,0.328625334,0.274286214
0.200631449,0.19639245,0.328440493,0.274535608
0.200537322,0.196422911,0.328256255,0.274783512
0.200443466,0.196453986,0.328072618,0.275029931
0.200349886,0.196485667,0.327889576,0.275274872
0.200256587,0.196517945,0.327707126,0.275518341
0.200163575,0.196550814,0.327525263,0.275760348
0.200070855,0.196584263,0.327343982,0.2760009
0.199978431,0.196618286,0.327163278,0.276240006
0.199886306,0.196652873,0.326983147,0.276477674
0.199794484,0.196688018,0.326803585,0.276713913
0.199702966,0.196723716,0.32662459,0.276948728
0.199611753,0.196759963,0.326446158,0.277182126
0.199520846,0.196796757,0.326268287,0.27741411
0.199430245,0.196834094,0.326090975,0.277644686
0.199339949,0.196871975,0.325914217,0.277873859
0.199249958,0.196910397,0.32573801,0.278101635
0.199160266,0.196949363,0.32556235,0.27832802
0.199070871,0.196988874,0.325387234,0.278553021
0.198981767,0.197028933,0.325212657,0.278776643
0.198892949,0.19706954,0.325038617,0.278998894
0.19880441,0.197110698,0.32486511,0.279219782
0.198716144,0.197152405,0.324692135,0.279439316
0.198628142,0.197194661,0.324519689,0.279657507
0.198540396,0.197237463,0.32434777,0.279874371
0.198452894,0.197280807,0.324176375,0.280089924
0.198365627,0.19732469,0.3240055,0.280304184
0.198278583,0.197369106,0.32383514,0.28051717
0.198191753,0.197414053,0.323665293,0.280728901
0.198105126,0.197459524,0.323495953,0.280939397
0.198018689,0.197505517,0.323327116,0.281148677
0.197932434,0.197552027,0.323158778,0.281356761
0.197846349,0.197599048,0.322990934,0.281563669
0.197760425,0.197646575,0.32282358,0.28176942
0.197674654,0.197694603,0.322656711,0.281974031
0.197589028,0.197743126,0.322490325,0.28217752
0.19750354,0.197792137,0.322324419,0.282379905
0.197418184,0.197841627,0.322158989,0.2825812
0.197332954,0.197891591,0.321994035,0.28278142
0.197247846,0.19794202,0.321829554,0.28298058
0.197162858,0.197992907,0.321665543,0.283178692
0.197077988,0.198044246,0.321501999,0.283375767
0.196993234,0.198096032,0.321338917,0.283571818
0.196908593,0.198148259,0.321176294,0.283766853
0.196824065,0.198200926,0.321014126,0.283960883
0.196739647,0.198254026,0.320852411,0.284153916
0.196655337,0.198307558,0.320691147,0.284345959
0.196571131,0.198361515,0.320530335,0.284537019
0.196487027,0.198415893,0.320369976,0.284727103
0.196403022,0.198470687,0.320210074,0.284916217
0.196319111,0.19852589,0.320050632,0.285104368
0.196235289,0.198581497,0.319891656,0.285291559
0.19615155,0.198637501,0.319733154,0.285477795
0.19606789,0.198693896,0.319575133,0.285663081
0.195984301,0.198750674,0.319417601,0.285847424
0.195900779,0.19880783,0.319260563,0.286030829
0.195817318,0.198865357,0.319104022,0.286213303
0.195733913,0.198923251,0.318947984,0.286394852
0.195650562,0.198981504,0.318792452,0.286575482
0.195567262,0.199040113,0.318637428,0.286755197
0.19548401,0.199099071,0.318482917,0.286934003
0.195400803,0.199158373,0.318328921,0.287111903
0.195317638,0.199218014,0.318175444,0.287288904
0.195234515,0.199277988,0.318022487,0.28746501
0.19515143,0.19933829,0.317870054,0.287640226
0.195068384,0.199398914,0.317718145,0.287814558
0.194985376,0.199459852,0.317566761,0.28798801
0.194902408,0.199521099,0.317415905,0.288160588
0.194819481,0.199582649,0.317265576,0.288332295
0.194736597,0.199644494,0.317115774,0.288503135
0.194653758,0.199706632,0.316966499,0.288673111
0.194570966,0.199769055,0.316817754,0.288842224
0.194488222,0.199831761,0.316669541,0.289010476
0.194405528,0.199894743,0.316521861,0.289177868
0.194322885,0.199957998,0.316374716,0.289344401
0.194240294,0.200021523,0.316228109,0.289510073
0.194157756,0.200085314,0.316082044,0.289674886
0.194075271,0.200149369,0.315936522,0.289838838
0.193992838,0.200213687,0.315791547,0.290001927
0.193910458,0.200278266,0.315647123,0.290164153
0.193828129,0.200343104,0.315503253,0.290325514
0.193745852,0.200408201,0.315359939,0.290486008
0.193663626,0.200473557,0.315217184,0.290645633
0.193581452,0.20053917,0.315074991,0.290804388
0.193499329,0.200605039,0.314933361,0.29096227
0.193417258,0.200671165,0.314792298,0.291119279
0.193335239,0.200737546,0.314651803,0.291275413
0.193253272,0.200804181,0.314511877,0.29143067
0.193171358,0.20087107,0.314372523,0.29158505
0.193089495,0.200938213,0.314233742,0.29173855
0.193007686,0.201005608,0.314095536,0.29189117
0.192925928,0.201073257,0.313957906,0.292042909
0.192844223,0.201141158,0.313820853,0.292193766
0.192762568,0.201209313,0.31368438,0.292343739
0.192680962,0.201277722,0.313548488,0.292492828
0.192599404,0.201346385,0.31341318,0.29264103
0.192517891,0.201415304,0.313278459,0.292788346
0.192436418,0.201484481,0.313144329,0.292934772
0.192354981,0.201553918,0.313010794,0.293080306
0.192273575,0.201623619,0.312877858,0.293224947
0.192192195,0.201693587,0.312745526,0.293368692
0.192110835,0.201763824,0.312613802,0.293511539
0.192029488,0.201834335,0.312482691,0.293653486
0.19194815,0.20190512,0.312352197,0.293794532
0.191866815,0.201976183,0.312222326,0.293934676
0.191785477,0.202047527,0.31209308,0.294073916
0.19170413,0.202119153,0.311964465,0.294212252
0.19162277,0.202191065,0.311836483,0.294349681
0.191541391,0.202263265,0.311709139,0.294486205
0.191459988,0.202335755,0.311582436,0.294621821
0.191378554,0.202408537,0.311456377,0.294756531
0.191297086,0.202481614,0.311330966,0.294890333
0.191215579,0.202554986,0.311206206,0.295023229
0.191134027,0.202628655,0.311082098,0.29515522
0.191052424,0.202702623,0.310958646,0.295286307
0.190970767,0.20277689,0.310835851,0.295416492
0.190889051,0.202851457,0.310713716,0.295545775
0.19080727,0.202926325,0.310592244,0.295674161
0.190725421,0.203001492,0.310471435,0.295801651
0.190643498,0.20307696,0.310351293,0.29592825
0.190561497,0.203152727,0.310231817,0.296053959
0.190479413,0.203228794,0.310113008,0.296178784
0.190397243,0.203305161,0.309994868,0.296302728
0.19031498,0.203381828,0.309877396,0.296425796
0.190232622,0.203458793,0.309760593,0.296547993
0.190150162,0.203536055,0.309644459,0.296669323
0.190067599,0.203613615,0.309528993,0.296789793
0.189984927,0.20369147,0.309414197,0.296909406
0.189902144,0.203769619,0.309300069,0.297028168
0.189819247,0.203848059,0.309186608,0.297146085
0.189736232,0.20392679,0.309073815,0.297263163
0.189653097,0.204005809,0.308961688,0.297379407
0.189569838,0.204085113,0.308850226,0.297494823
0.189486453,0.204164701,0.308739428,0.297609418
0.189402941,0.204244568,0.308629295,0.297723196
0.189319298,0.204324714,0.308519824,0.297836164
0.189235525,0.204405134,0.308411014,0.297948327
0.189151618,0.204485826,0.308302865,0.298059691
0.189067578,0.204566785,0.308195375,0.298170262
0.188983404,0.204648009,0.308088543,0.298280044
0.188899095,0.204729494,0.307982368,0.298389043
0.188814651,0.204811236,0.307876848,0.298497265
0.188730073,0.204893231,0.307771982,0.298604713
0.188645362,0.204975477,0.307667769,0.298711392
0.188560516,0.205057968,0.307564208,0.298817307
0.188475539,0.205140702,0.307461298,0.298922461
0.188390428,0.205223674,0.307359038,0.29902686
0.188305187,0.20530688,0.307257426,0.299130507
0.188219817,0.205390316,0.30715646,0.299233406
0.188134321,0.205473976,0.307056139,0.299335563
0.188048702,0.205557857,0.30695646,0.299436982
0.187962962,0.205641953,0.306857419,0.299537666
0.187877105,0.205726259,0.306759014,0.299637622
0.187791132,0.205810771,0.306661243,0.299736853
0.187705048,0.205895483,0.306564102,0.299835366
0.187618855,0.205980392,0.30646759,0.299933164
0.187532555,0.206065492,0.306371703,0.30003025
0.187446153,0.206150781,0.306276439,0.300126627
0.18735965,0.206236255,0.306181797,0.300222298
0.187273049,0.206321913,0.306087775,0.300317263
0.187186354,0.206407752,0.30599437,0.300411525
0.187099564,0.206493772,0.30590158,0.300505084
0.187012684,0.206579973,0.305809403,0.30059794
0.186925713,0.206666358,0.305717837,0.300690093
0.186838654,0.206752927,0.305626878,0.30078154
0.186751509,0.206839684,0.305536527,0.30087228
0.186664279,0.206926629,0.30544678,0.300962311
0.186576967,0.207013766,0.305357635,0.301051632
0.186489575,0.207101095,0.30526909,0.30114024
0.186402104,0.20718862,0.305181142,0.301228134
0.186314557,0.207276341,0.305093788,0.301315314
0.186226936,0.207364263,0.305007025,0.301401777
0.186139241,0.207452386,0.304920853,0.30148752
0.186051476,0.207540713,0.304835268,0.301572543
0.185963641,0.207629247,0.304750268,0.301656844
0.185875738,0.207717991,0.304665851,0.30174042
0.185787768,0.207806947,0.304582014,0.301823271
0.185699734,0.207896117,0.304498753,0.301905396
0.185611637,0.207985503,0.304416066,0.301986793
0.18552348,0.208075108,0.304333949,0.302067462
0.185435265,0.208164934,0.304252398,0.302147403
0.185346995,0.20825498,0.304171409,0.302226615
0.185258672,0.208345249,0.304090978,0.3023051
0.185170299,0.20843574,0.304011102,0.302382859
0.185081878,0.208526452,0.303931776,0.302459894
0.18499341,0.208617384,0.303852997,0.302536209
0.184904898,0.208708534,0.30377476,0.302611808
0.184816344,0.208799898,0.30369706,0.302686697
0.184727748,0.208891475,0.303619892,0.302760885
0.184639111,0.208983259,0.303543251,0.302834378
0.184550434,0.20907525,0.303467131,0.302907184
0.184461717,0.209167444,0.303391529,0.302979311
0.184372959,0.209259837,0.303316438,0.303050766
0.184284161,0.209352428,0.303241854,0.303121557
0.184195322,0.209445211,0.303167772,0.303191695
0.184106442,0.209538185,0.303094185,0.303261188
0.184017522,0.209631344,0.303021089,0.303330044
0.18392856,0.209724687,0.302948479,0.303398274
0.183839556,0.209818208,0.302876349,0.303465886
0.18375051,0.209911906,0.302804694,0.30353289
0.183661421,0.210005776,0.302733509,0.303599294
0.183572287,0.210099815,0.302662789,0.303665109
0.183483109,0.210194021,0.302592528,0.303730342
0.183393885,0.210288388,0.302522722,0.303795005
0.183304615,0.210382913,0.302453366,0.303859106
0.183215297,0.210477591,0.302384454,0.303922657
0.183125931,0.210572419,0.302315981,0.303985668
0.183036517,0.210667391,0.302247943,0.304048149
0.182947052,0.210762504,0.302180333,0.30411011
0.182857537,0.210857753,0.30211315,0.304171561
0.18276797,0.210953132,0.302046388,0.304232509
0.182678352,0.211048637,0.301980046,0.304292965
0.182588681,0.211144263,0.301914121,0.304352935
0.182498956,0.211240005,0.301848611,0.304412428
0.182409177,0.211335858,0.301783515,0.30447145
0.182319341,0.211431818,0.301718832,0.304530009
0.182229449,0.211527879,0.301654562,0.30458811
0.182139496,0.211624038,0.301590705,0.30464576
0.182049484,0.211720291,0.301527261,0.304702964
0.181959409,0.211816632,0.301464231,0.304759728
0.181869272,0.211913058,0.301401615,0.304816056
0.18177907,0.212009563,0.301339414,0.304871953
0.181688804,0.212106142,0.301277627,0.304927426
0.181598473,0.212202792,0.301216255,0.30498248
0.181508075,0.212299506,0.301155299,0.305037121
0.181417609,0.212396279,0.301094757,0.305091355
0.181327075,0.212493105,0.30103463,0.30514519
0.18123647,0.212589978,0.300974916,0.305198635
0.181145794,0.212686892,0.300915615,0.305251698
0.181055044,0.212783841,0.300856725,0.305304389
0.18096422,0.212880818,0.300798245,0.305356717
0.18087332,0.212977818,0.300740172,0.305408691
0.180782342,0.213074834,0.300682505,0.305460319
0.180691286,0.213171861,0.300625243,0.305511611
0.18060015,0.213268892,0.300568384,0.305562574
0.180508934,0.213365923,0.300511926,0.305613217
0.180417638,0.213462945,0.30045587,0.305663547
0.18032626,0.213559955,0.300400212,0.305713573
0.180234802,0.213656945,0.300344953,0.3057633
0.180143262,0.21375391,0.300290092,0.305812736
0.180051641,0.213850844,0.300235627,0.305861888
0.179959939,0.21394774,0.300181558,0.305910763
0.179868157,0.214044592,0.300127884,0.305959367
0.179776294,0.214141396,0.300074603,0.306007706
0.17968435,0.214238147,0.300021716,0.306055787
0.179592325,0.214334838,0.299969221,0.306103615
0.17950022,0.214431466,0.299917117,0.306151197
0.179408033,0.214528026,0.299865404,0.306198537
0.179315765,0.214624512,0.299814079,0.306245644
0.179223417,0.214720921,0.29976314,0.306292522
0.179130987,0.214817247,0.299712587,0.306339178
0.179038478,0.214913486,0.299662418,0.306385619
0.178945887,0.215009634,0.29961263,0.306431849
0.178853217,0.215105687,0.299563222,0.306477875
0.178760466,0.215201641,0.299514192,0.306523701
0.178667636,0.215297492,0.299465539,0.306569333
0.178574726,0.215393237,0.299417263,0.306614775
0.178481736,0.215488872,0.299369361,0.306660031
0.178388666,0.215584394,0.299321834,0.306705106
0.178295517,0.215679801,0.299274678,0.306750003
0.178202288,0.215775089,0.299227895,0.306794727
0.178108979,0.215870256,0.299181482,0.306839282
0.17801559,0.215965298,0.299135439,0.306883673
0.177922121,0.216060211,0.299089764,0.306927904
0.177828572,0.216154992,0.299044455,0.306971981
0.177734944,0.216249637,0.298999512,0.307015908
0.177641236,0.216344142,0.298954932,0.30705969
0.17754745,0.216438504,0.298910713,0.307103332
0.177453587,0.216532718,0.298866855,0.307146841
0.177359646,0.216626781,0.298823354,0.30719022
0.177265629,0.216720688,0.298780209,0.307233474
0.177171537,0.216814435,0.298737418,0.307276609
0.177077374,0.216908019,0.298694977,0.307319629
0.176983141,0.217001435,0.298652884,0.307362539
0.176888841,0.21709468,0.298611136,0.307405343
0.176794475,0.21718775,0.298569729,0.307448047
0.176700046,0.217280641,0.29852866,0.307490653
0.176605557,0.217373351,0.298487926,0.307533166
0.176511009,0.217465877,0.298447524,0.307575589
0.176416407,0.217558215,0.298407451,0.307617926
0.176321751,0.217650363,0.298367705,0.307660181
0.176227047,0.217742315,0.298328281,0.307702357
0.176132295,0.21783407,0.298289177,0.307744458
0.1760375,0.217925622,0.298250391,0.307786487
0.175942663,0.218016968,0.298211919,0.30782845
0.175847788,0.218108105,0.298173758,0.307870349
0.175752877,0.218199028,0.298135905,0.30791219
0.175657933,0.218289734,0.298098358,0.307953975
0.175562959,0.21838022,0.298061112,0.307995709
0.175467957,0.218470482,0.298024165,0.308037397
0.17537293,0.218560516,0.297987513,0.308079041
0.175277882,0.218650318,0.297951153,0.308120647
0.175182815,0.218739885,0.297915082,0.308162219
0.175087731,0.218829213,0.297879295,0.308203761
0.174992634,0.218918298,0.29784379,0.308245278
0.174897526,0.219007138,0.297808562,0.308286774
0.174802409,0.219095728,0.297773609,0.308328253
0.174707287,0.219184066,0.297738926,0.308369721
0.174612162,0.219272147,0.29770451,0.308411181
0.174517035,0.219359967,0.297670358,0.30845264
0.17442191,0.219447524,0.297636464,0.308494102
0.174326788,0.219534814,0.297602826,0.308535573
0.174231671,0.219621832,0.297569439,0.308577058
0.174136561,0.219708576,0.2975363,0.308618564
0.174041459,0.21979504,0.297503404,0.308660097
0.173946366,0.219881223,0.297470748,0.308701664
0.173851282,0.219967118,0.297438326,0.308743274
0.17375621,0.220052723,0.297406135,0.308784932
0.173661148,0.220138034,0.29737417,0.308826647
0.173566098,0.220223048,0.297342428,0.308868426
0.173471061,0.22030776,0.297310905,0.308910274
0.173376036,0.220392167,0.297279597,0.308952201
0.173281025,0.220476264,0.297248499,0.308994212
0.173186028,0.22056005,0.297217607,0.309036315
0.173091044,0.22064352,0.297186919,0.309078517
0.172996075,0.22072667,0.297156428,0.309120827
0.17290112,0.220809499,0.297126132,0.309163249
0.172806178,0.220892003,0.297096026,0.309205793
0.172711251,0.220974179,0.297066105,0.309248465
0.172616338,0.221056025,0.297036365,0.309291272
0.172521438,0.221137539,0.297006801,0.309334221
0.172426551,0.221218719,0.296977409,0.309377321
0.172331676,0.221299562,0.296948183,0.309420579
0.172236813,0.221380065,0.296919119,0.309464002
0.172141962,0.221460227,0.296890213,0.309507597
0.172047122,0.221540045,0.29686146,0.309551373
0.171952291,0.221619517,0.296832855,0.309595336
