processed_ch1,processed_ch2,processed_ch3,processed_ch4
0.419080656,0.071553529,0.189863082,0.319502733
0.418978617,0.071656497,0.189810945,0.31955394
0.418875562,0.071759433,0.189759663,0.319605342
0.418771499,0.071862331,0.189709229,0.31965694
0.41866644,0.071965184,0.189659639,0.319708736
0.418560395,0.072067986,0.189610887,0.319760732
0.418453376,0.072170728,0.189562968,0.319812928
0.418345395,0.072273403,0.189515876,0.319865326
0.418236461,0.072376004,0.18946961,0.319917925
0.418126585,0.072478521,0.189424167,0.319970726
0.418015778,0.072580947,0.189379546,0.320023729
0.41790405,0.072683271,0.189335744,0.320076934
0.417791411,0.072785486,0.189292761,0.320130342
0.417677871,0.072887583,0.189250594,0.320183952
0.41756344,0.072989553,0.189209242,0.320237765
0.417448128,0.07309139,0.189168702,0.32029178
0.417331945,0.073193086,0.189128972,0.320345997
0.417214901,0.073294635,0.189090049,0.320400414
0.417097008,0.073396029,0.189051932,0.320455032
0.416978274,0.073497264,0.189014615,0.320509848
0.416858709,0.073598334,0.188978096,0.320564861
0.416738323,0.073699233,0.188942374,0.320620069
0.416617123,0.073799958,0.188907448,0.320675471
0.416495116,0.073900505,0.188873316,0.320731063
0.41637231,0.07400087,0.188839979,0.320786841
0.416248712,0.074101047,0.188807437,0.320842804
0.416124328,0.074201032,0.188775693,0.320898947
0.415999164,0.074300821,0.188744748,0.320955267
0.415873227,0.074400409,0.188714603,0.321011761
0.415746525,0.074499788,0.18868526,0.321068427
0.415619064,0.074598955,0.188656721,0.32112526
0.415490852,0.074697904,0.188628986,0.321182259
0.415361896,0.074796629,0.188602057,0.321239419
0.415232203,0.074895125,0.188575934,0.321296738
0.415101782,0.074993387,0.188550618,0.321354213
0.41497064,0.075091411,0.188526108,0.321411841
0.414838784,0.075189191,0.188502406,0.32146962
0.414706222,0.075286721,0.188479512,0.321527546
0.414572959,0.075383996,0.188457429,0.321585616
0.414439001,0.075481011,0.188436161,0.321643827
0.414304354,0.075577762,0.188415711,0.321702172
0.414169023,0.075674245,0.188396083,0.321760649
0.414033013,0.075770456,0.188377281,0.321819251
0.413896328,0.075866392,0.188359305,0.321877975
0.413758973,0.075962053,0.18834216,0.321936814
0.413620954,0.076057436,0.188325847,0.321995763
0.413482276,0.07615254,0.188310369,0.322054815
0.413342942,0.076247364,0.188295729,0.322113965
0.413202957,0.076341905,0.188281933,0.322173205
0.413062324,0.076436161,0.188268985,0.32223253
0.412921048,0.07653013,0.188256889,0.322291933
0.412779132,0.076623809,0.188245649,0.32235141
0.41263658,0.076717195,0.188235271,0.322410954
0.412493396,0.076810287,0.188225758,0.32247056
0.412349585,0.07690308,0.188217113,0.322530222
0.412205151,0.076995571,0.18820934,0.322589938
0.412060097,0.077087757,0.188202443,0.322649704
0.411914428,0.077179632,0.188196422,0.322709517
0.41176815,0.077271193,0.188191282,0.322769376
0.411621266,0.077362434,0.188187024,0.322829276
0.411473785,0.077453352,0.18818365,0.322889214
0.41132571,0.077543942,0.188181161,0.322949187
0.41117705,0.0776342,0.188179559,0.323009191
0.411027811,0.077724123,0.188178844,0.323069222
0.410878001,0.077813707,0.188179018,0.323129275
0.410727627,0.077902948,0.18818008,0.323189345
0.410576698,0.077991844,0.188182031,0.323249427
0.410425223,0.07808039,0.188184871,0.323309516
0.410273211,0.078168583,0.1881886,0.323369606
0.410120672,0.078256419,0.188193217,0.323429692
0.409967615,0.078343894,0.188198723,0.323489768
0.409814051,0.078431004,0.188205118,0.323549827
0.40965999,0.078517745,0.1882124,0.323609864
0.409505443,0.078604113,0.188220571,0.323669873
0.409350422,0.078690102,0.18822963,0.323729847
0.409194936,0.078775708,0.188239577,0.323789779
0.409038997,0.078860926,0.188250412,0.323849665
0.408882615,0.078945751,0.188262135,0.323909499
0.408725801,0.079030179,0.188274745,0.323969275
0.408568567,0.079114206,0.188288239,0.324028987
0.408410922,0.079197829,0.188302616,0.324088633
0.408252878,0.079281044,0.188317873,0.324148206
0.408094445,0.079363847,0.188334006,0.324207703
0.407935634,0.079446235,0.188351011,0.32426712
0.407776456,0.079528204,0.188368886,0.324326454
0.407616923,0.079609751,0.188387623,0.324385703
0.407457046,0.079690871,0.18840722,0.324444864
0.407296836,0.079771559,0.188427669,0.324503936
0.407136305,0.079851811,0.188448966,0.324562918
0.406975463,0.079931623,0.188471103,0.32462181
0.406814323,0.080010989,0.188494077,0.324680612
0.406652894,0.080089904,0.188517879,0.324739323
0.406491186,0.080168364,0.188542506,0.324797944
0.406329212,0.080246362,0.188567951,0.324856475
0.40616698,0.080323895,0.188594209,0.324914917
0.406004501,0.080400958,0.188621273,0.324973269
0.405841785,0.080477547,0.188649136,0.325031533
0.405678841,0.08055366,0.188677791,0.325089709
0.405515678,0.080629294,0.18870723,0.325147798
0.405352304,0.08070445,0.188737446,0.3252058
0.405188727,0.080779126,0.18876843,0.325263717
0.405024956,0.08085332,0.188800174,0.32532155
0.404860997,0.080927033,0.188832669,0.325379301
0.40469686,0.081000262,0.188865906,0.325436972
0.404532553,0.081073005,0.188899875,0.325494567
0.404368085,0.08114526,0.188934567,0.325552088
0.404203465,0.081217024,0.188969974,0.325609536
0.404038703,0.081288294,0.189006087,0.325666916
0.403873808,0.081359067,0.189042897,0.325724228
0.40370879,0.081429339,0.189080395,0.325781476
0.403543659,0.081499107,0.189118572,0.325838662
0.403378423,0.081568368,0.18915742,0.325895789
0.403213091,0.08163712,0.189196928,0.325952861
0.403047673,0.081705361,0.189237087,0.326009878
0.402882178,0.081773089,0.189277889,0.326066844
0.402716613,0.081840302,0.189319325,0.32612376
0.402550988,0.081906999,0.189361385,0.326180627
0.402385313,0.081973178,0.189404061,0.326237449
0.402219595,0.082038837,0.189447342,0.326294225
0.402053846,0.082103975,0.189491221,0.326350959
0.401888074,0.082168589,0.189535685,0.326407652
0.401722289,0.082232678,0.189580724,0.326464308
0.401556501,0.082296242,0.189626328,0.326520929
0.401390718,0.082359277,0.189672486,0.326577519
0.40122495,0.082421784,0.189719186,0.32663408
0.401059204,0.082483762,0.189766419,0.326690615
0.400893488,0.082545208,0.18981418,0.326747125
0.400727806,0.082606122,0.189862461,0.326803612
0.400562165,0.082666503,0.189911258,0.326860074
0.400396569,0.082726351,0.189960567,0.326916513
0.400231025,0.082785664,0.190010384,0.326972928
0.400065537,0.082844441,0.190060704,0.327029318
0.399900112,0.082902681,0.190111523,0.327085683
0.399734756,0.082960384,0.190162836,0.327142024
0.399569475,0.083017549,0.190214636,0.32719834
0.399404276,0.083074176,0.190266917,0.327254631
0.399239169,0.083130264,0.190319673,0.327310895
0.39907416,0.083185813,0.190372894,0.327367133
0.398909261,0.083240821,0.190426573,0.327423345
0.398744479,0.08329529,0.190480703,0.327479529
0.398579825,0.083349216,0.190535273,0.327535685
0.398415311,0.0834026,0.190590277,0.327591812
0.398250946,0.083455438,0.190645707,0.327647909
0.398086742,0.083507729,0.190701556,0.327703972
0.397922711,0.083559471,0.190757818,0.327760001
0.397758862,0.083610659,0.190814486,0.327815993
0.397595208,0.083661291,0.190871553,0.327871948
0.39743176,0.083711364,0.190929012,0.327927864
0.39726853,0.083760875,0.190986856,0.327983739
0.397105531,0.083809821,0.191045077,0.328039572
0.396942775,0.083858199,0.191103665,0.328095361
0.396780274,0.083906009,0.191162612,0.328151105
0.396618041,0.083953247,0.191221911,0.328206801
0.396456087,0.083999913,0.19128155,0.32826245
0.396294425,0.084046004,0.191341522,0.328318049
0.396133069,0.084091516,0.191401816,0.328373598
0.395972031,0.084136449,0.191462423,0.328429096
0.395811325,0.084180799,0.191523334,0.328484542
0.395650964,0.084224562,0.191584538,0.328539935
0.395490962,0.084267736,0.191646028,0.328595274
0.395331332,0.084310318,0.191707793,0.328650557
0.395172087,0.084352304,0.191769826,0.328705783
0.395013242,0.084393693,0.191832118,0.328760947
0.39485481,0.084434482,0.19189466,0.328816048
0.394696807,0.084474668,0.191957445,0.328871081
0.394539246,0.084514248,0.192020464,0.328926043
0.394382142,0.084553219,0.192083708,0.328980931
0.394225511,0.084591579,0.192147169,0.329035741
0.394069365,0.084629326,0.192210839,0.32909047
0.393913719,0.084666457,0.192274708,0.329145115
0.393758587,0.084702972,0.192338768,0.329199673
0.393603982,0.084738869,0.192403008,0.329254141
0.393449916,0.084774148,0.19246742,0.329308517
0.393296403,0.084808807,0.192531994,0.329362796
0.393143455,0.084842848,0.19259672,0.329416977
0.392991084,0.084876269,0.19266159,0.329471057
0.392839303,0.084909072,0.192726594,0.329525031
0.392688126,0.084941256,0.19279172,0.329578899
0.392537566,0.084972821,0.192856957,0.329632656
0.392387638,0.085003766,0.192922294,0.329686302
0.392238357,0.085034091,0.192987719,0.329739833
0.392089736,0.085063794,0.193053221,0.329793248
0.39194179,0.085092873,0.193118793,0.329846544
0.391794532,0.085121325,0.193184426,0.329899717
0.391647974,0.085149148,0.193250116,0.329952762
0.39150213,0.085176337,0.193315856,0.330005677
0.391357012,0.085202888,0.193381641,0.330058459
0.391212632,0.085228798,0.193447465,0.330111105
0.391069002,0.085254063,0.193513321,0.330163613
0.390926136,0.085278679,0.193579203,0.330215982
0.390784047,0.085302642,0.193645103,0.330268208
0.390642748,0.085325947,0.193711014,0.330320291
0.390502253,0.085348593,0.193776929,0.330372226
0.390362576,0.085370574,0.19384284,0.33042401
0.390223732,0.085391887,0.193908742,0.330475639
0.390085734,0.08541253,0.193974627,0.330527109
0.389948597,0.085432499,0.194040487,0.330578417
0.389812335,0.085451791,0.194106317,0.330629557
0.389676963,0.085470402,0.194172108,0.330680526
0.389542495,0.08548833,0.194237855,0.33073132
0.389408944,0.08550557,0.194303552,0.330781935
0.389276325,0.085522118,0.19436919,0.330832367
0.389144651,0.085537972,0.194434765,0.330882612
0.389013933,0.085553129,0.19450027,0.330932668
0.388884185,0.085567586,0.1945657,0.330982529
0.388755416,0.085581341,0.194631052,0.331032192
0.388627637,0.085594392,0.194696319,0.331081652
0.38850086,0.085606738,0.194761497,0.331130906
0.388375094,0.085618377,0.19482658,0.331179949
0.388250351,0.085629309,0.194891563,0.331228777
0.38812664,0.085639532,0.19495644,0.331277388
0.388003973,0.085649045,0.195021206,0.331325777
0.387882358,0.085657845,0.195085855,0.331373941
0.387761807,0.085665932,0.195150384,0.331421878
0.387642327,0.085673302,0.195214788,0.331469583
0.387523927,0.085679955,0.195279065,0.331517053
0.387406617,0.085685888,0.19534321,0.331564284
0.387290405,0.085691101,0.195407222,0.331611273
0.387175298,0.085695592,0.195471096,0.331658015
0.387061304,0.085699359,0.19553483,0.331704507
0.386948432,0.085702402,0.195598419,0.331750746
0.386836689,0.085704721,0.195661861,0.331796729
0.386726083,0.085706313,0.195725151,0.331842452
0.386616623,0.08570718,0.195788285,0.331887912
0.386508314,0.085707321,0.195851258,0.331933106
0.386401166,0.085706737,0.195914068,0.331978029
0.386295183,0.085705429,0.195976709,0.332022679
0.386190374,0.085703395,0.196039179,0.332067052
0.386086745,0.085700639,0.196101472,0.332111144
0.385984302,0.085697159,0.196163586,0.332154954
0.385883052,0.085692956,0.196225516,0.332198476
0.385783001,0.08568803,0.196287259,0.33224171
0.385684155,0.085682382,0.196348812,0.332284651
0.385586521,0.085676011,0.19641017,0.332327298
0.385490105,0.085668919,0.196471328,0.332369648
0.385394912,0.085661107,0.196532281,0.3324117
0.385300949,0.085652575,0.196593025,0.332453451
0.385208219,0.085643326,0.196653554,0.332494901
0.385116729,0.08563336,0.196713862,0.332536049
0.385026485,0.085622679,0.196773943,0.332576893
0.384937494,0.085611285,0.196833789,0.332617433
0.384849764,0.085599177,0.196893393,0.332657665
0.384763305,0.085586357,0.196952748,0.33269759
0.384678126,0.085572825,0.197011846,0.332737202
0.384594238,0.085558579,0.197070682,0.332776501
0.384511651,0.085543618,0.197129248,0.332815482
0.384430376,0.08552794,0.197187543,0.332854141
0.384350421,0.085511543,0.197245562,0.332892474
0.384271798,0.085494423,0.197303303,0.332930476
0.384194517,0.085476578,0.197360762,0.332968143
0.384118588,0.085458005,0.197417939,0.333005468
0.384044024,0.085438699,0.197474831,0.333042446
0.383970836,0.085418656,0.197531435,0.333079072
0.383899035,0.085397873,0.197587753,0.333115339
0.383828632,0.085376344,0.197643782,0.333151242
0.383759639,0.085354066,0.197699523,0.333186772
0.383692065,0.085331034,0.197754977,0.333221923
0.38362592,0.085307245,0.197810146,0.333256689
0.383561213,0.085282694,0.197865031,0.333291062
0.383497953,0.085257379,0.197919632,0.333325036
0.383436147,0.085231296,0.197973951,0.333358605
0.383375804,0.085204443,0.198027988,0.333391765
0.383316931,0.085176816,0.198081743,0.333424509
0.383259534,0.085148415,0.198135217,0.333456835
0.38320362,0.085119235,0.198188408,0.333488736
0.383149197,0.085089276,0.198241318,0.333520209
0.383096271,0.085058536,0.198293945,0.333551249
0.383044848,0.085027014,0.198346287,0.333581851
0.382994934,0.084994708,0.198398345,0.333612013
0.382946536,0.084961619,0.198450115,0.33364173
0.382899659,0.084927745,0.198501597,0.333670999
0.382854308,0.084893086,0.19855279,0.333699816
0.382810491,0.084857641,0.19860369,0.333728178
0.382768212,0.084821411,0.198654297,0.333756081
0.382727476,0.084784393,0.198704609,0.333783523
0.38268829,0.084746586,0.198754624,0.3338105
0.382650659,0.08470799,0.198804342,0.333837009
0.382614585,0.084668604,0.198853762,0.333863049
0.382580075,0.084628426,0.198902883,0.333888616
0.382547131,0.084587456,0.198951705,0.333913708
0.382515758,0.084545694,0.199000228,0.333938321
0.382485958,0.08450314,0.199048449,0.333962453
0.382457736,0.084459794,0.19909637,0.333986101
0.382431093,0.084415657,0.199143988,0.334009262
0.382406032,0.084370731,0.199191302,0.334031934
0.382382557,0.084325016,0.199238312,0.334054115
0.382360671,0.084278514,0.199285015,0.334075801
0.382340377,0.084231225,0.199331409,0.334096989
0.382321679,0.084183152,0.199377494,0.334117675
0.382304582,0.084134295,0.199423267,0.334137856
0.382289089,0.084084655,0.199468728,0.334157528
0.382275205,0.084034233,0.199513876,0.334176686
0.382262935,0.083983028,0.19955871,0.334195328
0.382252281,0.08393104,0.199603231,0.334213447
0.382243247,0.083878271,0.199647441,0.334231041
0.382235834,0.08382472,0.199691343,0.334248104
0.382230044,0.083770387,0.199734938,0.334264631
0.38222588,0.083715272,0.19977823,0.334280618
0.382223346,0.083659376,0.199821219,0.33429606
0.382222444,0.083602698,0.199863907,0.334310951
0.382223179,0.083545241,0.199906294,0.334325286
0.382225556,0.083487003,0.199948381,0.33433906
0.382229579,0.083427986,0.199990167,0.334352268
0.382235252,0.083368189,0.200031654,0.334364905
0.38224258,0.083307613,0.200072841,0.334376966
0.382251569,0.083246258,0.200113729,0.334388443
0.382262223,0.083184125,0.20015432,0.334399332
0.382274547,0.083121212,0.200194613,0.334409627
0.382288546,0.083057521,0.200234609,0.334419324
0.382304225,0.08299305,0.200274308,0.334428417
0.382321588,0.0829278,0.200313709,0.334436903
0.382340641,0.08286177,0.200352811,0.334444779
0.382361388,0.08279496,0.200391612,0.334452039
0.382383835,0.082727372,0.200430111,0.334458682
0.382407988,0.082659008,0.200468303,0.334464702
0.382433851,0.082589867,0.200506185,0.334470097
0.382461428,0.082519953,0.200543754,0.334474865
0.382490721,0.082449267,0.200581008,0.334479003
0.382521734,0.08237781,0.200617945,0.33448251
0.382554469,0.082305584,0.200654563,0.334485383
0.382588929,0.08223259,0.200690861,0.33448762
0.382625117,0.082158827,0.200726838,0.334489217
0.382663037,0.082084297,0.200762492,0.334490174
0.382702692,0.082008998,0.200797822,0.334490488
0.382744086,0.08193293,0.200832828,0.334490157
0.382787221,0.081856092,0.200867506,0.33448918
0.382832103,0.081778482,0.200901856,0.334487559
0.382878734,0.081700101,0.200935874,0.334485292
0.382927116,0.081620946,0.200969558,0.33448238
0.38297725,0.081541018,0.201002907,0.334478825
0.383029138,0.081460315,0.201035918,0.334474629
0.383082778,0.081378837,0.20106859,0.334469795
0.383138169,0.081296583,0.201100923,0.334464325
0.383195311,0.081213551,0.201132914,0.334458224
0.383254204,0.08112974,0.201164563,0.334451493
0.383314845,0.081045149,0.201195868,0.334444137
0.383377234,0.080959777,0.201226828,0.33443616
0.383441369,0.080873623,0.201257442,0.334427566
0.383507246,0.080786687,0.20128771,0.334418357
0.383574862,0.080698969,0.201317631,0.334408538
0.383644214,0.080610469,0.201347206,0.334398111
0.383715298,0.08052119,0.201376434,0.334387078
0.38378811,0.080431135,0.201405315,0.33437544
0.383862645,0.080340308,0.201433848,0.3343632
0.383938898,0.080248715,0.20146203,0.334350357
0.384016864,0.080156362,0.20148986,0.334336914
0.384096537,0.080063256,0.201517338,0.334322869
0.384177911,0.079969403,0.201544461,0.334308225
0.384260977,0.07987481,0.201571231,0.334292982
0.38434573,0.079779483,0.201597647,0.33427714
0.384432162,0.079683427,0.201623709,0.334260702
0.384520266,0.079586648,0.201649417,0.334243669
0.384610036,0.079489151,0.20167477,0.334226043
0.384701467,0.079390941,0.201699767,0.334207825
0.384794554,0.079292023,0.201724407,0.334189016
0.384889293,0.079192401,0.201748687,0.334169619
0.384985679,0.079092081,0.201772605,0.334149635
0.385083709,0.078991066,0.201796159,0.334129065
0.385183381,0.078889362,0.201819347,0.33410791
0.385284692,0.078786972,0.201842166,0.33408617
0.385387641,0.078683903,0.20186461,0.334063846
0.385492227,0.078580157,0.201886679,0.334040937
0.385598448,0.07847574,0.201908368,0.334017444
0.385706301,0.078370657,0.201929676,0.333993366
0.385815785,0.078264912,0.201950604,0.333968699
0.385926896,0.078158509,0.201971152,0.333943443
0.386039631,0.078051451,0.201991323,0.333917595
0.386153986,0.077943744,0.202011117,0.333891154
0.386269958,0.077835389,0.202030537,0.333864117
0.386387542,0.077726391,0.202049585,0.333836481
0.386506736,0.077616755,0.202068264,0.333808245
0.386627534,0.077506483,0.202086576,0.333779406
0.386749932,0.077395582,0.202104525,0.333749961
0.386873924,0.077284055,0.202122112,0.333719909
0.386999506,0.077171908,0.202139339,0.333689246
0.387126672,0.077059146,0.20215621,0.333657972
0.387255418,0.076945772,0.202172726,0.333626084
0.387385739,0.076831792,0.202188888,0.333593581
0.38751763,0.076717209,0.202204699,0.333560462
0.387651085,0.076602029,0.202220161,0.333526725
0.3877861,0.076486256,0.202235277,0.333492367
0.387922667,0.076369896,0.202250049,0.333457388
0.388060779,0.076252953,0.202264483,0.333421785
0.38820043,0.076135433,0.202278581,0.333385556
0.388341611,0.076017341,0.202292349,0.333348699
0.388484314,0.075898682,0.202305792,0.333311212
0.38862853,0.075779461,0.20231892,0.333273089
0.38877425,0.075659682,0.202331742,0.333234326
0.388921462,0.075539351,0.202344268,0.333194919
0.389070158,0.075418472,0.202356508,0.333154862
0.389220329,0.075297047,0.202368474,0.33311415
0.389371966,0.075175082,0.202380172,0.33307278
0.389525059,0.07505258,0.202391613,0.333030747
0.3896796,0.074929545,0.202402806,0.33298805
0.38983558,0.07480598,0.202413757,0.332944684
0.38999299,0.074681889,0.202424476,0.332900646
0.390151822,0.074557275,0.20243497,0.332855933
0.39031207,0.074432141,0.202445248,0.332810541
0.390473726,0.074306492,0.202455317,0.332764466
0.390636783,0.074180329,0.202465185,0.332717703
0.390801234,0.074053656,0.202474861,0.332670249
0.39096707,0.073926478,0.202484353,0.332622099
0.391134283,0.073798799,0.202493666,0.332573251
0.391302865,0.073670624,0.202502809,0.332523701
0.391472807,0.073541958,0.202511788,0.332473447
0.391644098,0.073412806,0.202520611,0.332422485
0.391816728,0.073283174,0.202529286,0.332370812
0.391990685,0.073153066,0.202537823,0.332318426
0.392165959,0.073022488,0.202546231,0.332265322
0.392342537,0.072891444,0.202554519,0.332211499
0.39252041,0.072759939,0.202562696,0.332156955
0.392699566,0.072627976,0.202570769,0.332101689
0.392879995,0.072495559,0.202578745,0.332045701
0.393061687,0.072362694,0.202586628,0.331988991
0.393244631,0.072229385,0.202594426,0.331931558
0.393428817,0.072095637,0.202602143,0.331873404
0.393614232,0.071961456,0.202609784,0.331814528
0.393800867,0.071826849,0.202617353,0.331754931
0.393988709,0.071691819,0.202624857,0.331694614
0.394177747,0.071556372,0.202632302,0.331633579
0.394367968,0.071420513,0.202639693,0.331571826
0.39455936,0.071284245,0.202647038,0.331509357
0.394751913,0.071147573,0.202654342,0.331446173
0.394945617,0.0710105,0.202661609,0.331382273
0.395140465,0.07087303,0.202668845,0.331317659
0.395336449,0.070735166,0.202676054,0.331252332
0.39553356,0.070596911,0.202683237,0.331186292
0.395731791,0.070458268,0.202690399,0.331119543
0.395931132,0.070319239,0.202697542,0.331052087
0.396131576,0.070179828,0.202704668,0.330983928
0.396333114,0.070040037,0.20271178,0.330915069
0.396535734,0.069899869,0.20271888,0.330845516
0.396739427,0.06975933,0.20272597,0.330775274
0.396944181,0.069618423,0.202733049,0.330704347
0.397149984,0.069477153,0.202740119,0.330632744
0.397356823,0.069335523,0.202747183,0.330560471
0.397564685,0.069193539,0.202754243,0.330487533
0.397773557,0.069051204,0.202761302,0.330413936
0.397983426,0.068908521,0.202768366,0.330339687
0.398194277,0.068765493,0.20277544,0.33026479
0.398406098,0.068622122,0.202782529,0.330189252
0.398618875,0.068478412,0.202789636,0.330113077
0.398832596,0.068334366,0.202796765,0.330036273
0.39904725,0.068189987,0.202803917,0.329958846
0.399262824,0.06804528,0.202811094,0.329880801
0.399479305,0.06790025,0.202818297,0.329802148
0.399696681,0.067754901,0.202825525,0.329722894
0.399914938,0.067609236,0.202832778,0.329643048
0.400134061,0.067463261,0.202840056,0.329562622
0.400354037,0.067316979,0.202847357,0.329481627
0.400574851,0.067170393,0.20285468,0.329400076
0.400796487,0.067023508,0.202862026,0.329317979
0.401018931,0.066876327,0.202869393,0.329235349
0.401242164,0.066728853,0.202876785,0.329152198
0.401466172,0.066581091,0.202884201,0.329068536
0.401690937,0.066433046,0.202891641,0.328984376
0.401916442,0.066284721,0.202899106,0.328899731
0.402142671,0.066136122,0.202906593,0.328814614
0.402369607,0.065987252,0.202914101,0.32872904
0.402597235,0.065838115,0.202921625,0.328643024
0.40282554,0.065688715,0.202929163,0.328556582
0.403054506,0.065539055,0.20293671,0.328469729
0.403284122,0.065389138,0.202944262,0.328382479
0.403514373,0.065238968,0.202951813,0.328294846
0.403745246,0.065088549,0.202959361,0.328206843
0.40397673,0.064937888,0.202966902,0.32811848
0.404208813,0.064786989,0.20297443,0.328029768
0.404441482,0.06463586,0.202981941,0.327940717
0.404674726,0.064484509,0.202989429,0.327851336
0.404908531,0.064332943,0.20299689,0.327761636
0.405142887,0.064181168,0.203004316,0.327671628
0.405377783,0.064029191,0.203011704,0.327581322
0.405613205,0.063877018,0.203019047,0.32749073
0.405849144,0.063724655,0.203026339,0.327399861
0.406085589,0.063572106,0.203033576,0.327308728
0.406322529,0.063419378,0.203040752,0.327217342
0.406559953,0.063266475,0.203047861,0.327125711
0.406797852,0.063113403,0.203054899,0.327033847
0.407036213,0.062960166,0.203061862,0.326941759
0.407275027,0.06280677,0.203068747,0.326849456
0.407514283,0.062653219,0.203075549,0.326756949
0.407753972,0.062499518,0.203082264,0.326664247
0.407994084,0.062345671,0.203088886,0.326571359
0.408234611,0.062191683,0.203095411,0.326478294
0.408475542,0.062037561,0.203101833,0.326385064
0.408716865,0.061883311,0.203108147,0.326291677
0.408958569,0.061728941,0.203114347,0.326198144
0.409200642,0.061574459,0.203120426,0.326104474
0.409443072,0.061419874,0.203126379,0.326010676
0.409685847,0.061265195,0.203132199,0.325916759
0.409928956,0.061110431,0.20313788,0.325822733
0.410172384,0.060955592,0.203143416,0.325728607
0.410416122,0.060800687,0.203148802,0.325634389
0.410660157,0.060645724,0.203154031,0.325540088
0.410904478,0.060490711,0.203159098,0.325445713
0.411149075,0.060335656,0.203163997,0.325351273
0.411393936,0.060180567,0.20316872,0.325256776
0.411639052,0.060025452,0.203173262,0.325162235
0.411884413,0.059870316,0.203177614,0.325067658
0.412130008,0.059715166,0.203181768,0.324973058
0.41237583,0.059560007,0.203185716,0.324878447
0.412621869,0.059404845,0.203189448,0.324783838
0.412868117,0.059249685,0.203192956,0.324689242
0.413114565,0.059094532,0.20319623,0.324594674
0.413361203,0.05893939,0.203199261,0.324500146
0.413608022,0.058784266,0.20320204,0.324405671
0.413855009,0.058629165,0.203204562,0.324311264
0.414102153,0.058474093,0.203206819,0.324216935
0.41434944,0.058319057,0.203208804,0.324122699
0.414596858,0.058164063,0.203210512,0.324028567
0.414844392,0.058009118,0.203211938,0.323934552
0.415092029,0.057854229,0.203213075,0.323840667
0.415339754,0.057699401,0.203213919,0.323746926
0.415587553,0.057544641,0.203214463,0.323653343
0.415835411,0.057389955,0.203214702,0.323559933
0.416083314,0.057235347,0.203214627,0.323466712
0.416331247,0.057080824,0.203214233,0.323373695
0.416579197,0.05692639,0.203213513,0.323280899
0.416827151,0.056772051,0.203212461,0.323188338
0.417075092,0.056617812,0.203211071,0.323096025
0.417323008,0.056463678,0.203209339,0.323003975
0.417570883,0.056309654,0.203207261,0.322912202
0.417818703,0.056155746,0.203204832,0.322820719
0.418066456,0.056001957,0.203202048,0.32272954
0.418314127,0.055848293,0.203198903,0.322638677
0.418561705,0.055694759,0.203195392,0.322548145
0.418809175,0.055541358,0.203191511,0.322457956
0.419056525,0.055388096,0.203187255,0.322368124
0.419303741,0.055234977,0.203182619,0.322278663
0.419550813,0.055082006,0.203177598,0.322189584
0.419797726,0.054929186,0.203172187,0.322100901
0.42004447,0.054776522,0.203166381,0.322012627
0.420291031,0.054624019,0.203160177,0.321924773
0.420537399,0.054471681,0.20315357,0.32183735
0.42078356,0.054319514,0.203146555,0.321750371
0.4210295,0.054167526,0.203139129,0.321663845
0.421275207,0.054015723,0.203131287,0.321577783
0.421520668,0.05386411,0.203123025,0.321492196
0.421765873,0.053712696,0.203114337,0.321407095
0.422010809,0.053561485,0.203105218,0.321322488
0.422255466,0.053410484,0.203095664,0.321238385
0.422499834,0.053259698,0.203085671,0.321154797
0.422743901,0.053109132,0.203075236,0.321071731
0.422987657,0.052958792,0.203064355,0.320989196
0.423231093,0.052808683,0.203053024,0.3209072
0.423474201,0.05265881,0.203041238,0.320825751
0.423716973,0.052509177,0.203028994,0.320744857
0.423959403,0.052359788,0.203016287,0.320664522
0.424201486,0.052210648,0.203003114,0.320584753
0.424443215,0.05206176,0.20298947,0.320505556
0.424684585,0.051913127,0.202975351,0.320426937
0.424925593,0.051764753,0.202960753,0.320348901
0.425166234,0.05161664,0.202945671,0.320271455
0.425406502,0.051468792,0.202930102,0.320194604
0.425646394,0.051321212,0.20291404,0.320118354
0.425885904,0.051173903,0.202897482,0.32004271
0.426125026,0.051026869,0.202880426,0.319967678
0.426363754,0.050880114,0.20286287,0.319893262
0.426602076,0.050733643,0.202844816,0.319819465
0.426839986,0.050587459,0.202826264,0.319746291
0.427077472,0.050441568,0.202807216,0.319673744
0.427314527,0.050295974,0.202787673,0.319601827
0.427551142,0.05015068,0.202767634,0.319530544
0.427787313,0.05000569,0.2027471,0.319459897
0.428023033,0.049861008,0.202726069,0.31938989
0.428258297,0.049716637,0.202704541,0.319320525
0.4284931,0.049572577,0.202682517,0.319251805
0.428727439,0.049428831,0.202659999,0.319183731
0.428961311,0.049285401,0.202636985,0.319116303
0.429194713,0.049142287,0.202613478,0.319049521
0.429427644,0.048999492,0.202589477,0.318983387
0.429660103,0.048857016,0.202564982,0.318917899
0.429892087,0.048714861,0.202539994,0.318853058
0.430123594,0.048573028,0.202514513,0.318788864
0.430354622,0.048431519,0.202488541,0.318725318
0.430585166,0.048290335,0.202462077,0.318662422
0.430815223,0.048149478,0.202435121,0.318600178
0.431044787,0.048008949,0.202407673,0.318538591
0.431273855,0.04786875,0.202379733,0.318477662
0.431502421,0.047728882,0.202351299,0.318417398
0.43173048,0.047589346,0.202322371,0.318357803
0.431958026,0.047450143,0.202292947,0.318298883
0.432185053,0.047311274,0.202263028,0.318240645
0.432411554,0.04717274,0.202232613,0.318183093
0.432637522,0.047034542,0.202201701,0.318126235
0.432862949,0.046896683,0.202170291,0.318070077
0.433087826,0.046759165,0.202138383,0.318014626
0.433312145,0.046621987,0.202105977,0.317959891
0.433535898,0.046485153,0.202073072,0.317905877
0.433759074,0.046348662,0.202039671,0.317852592
0.433981665,0.046212517,0.202005777,0.317800041
0.434203662,0.046076718,0.201971391,0.31774823
0.434425053,0.045941267,0.201936517,0.317697163
0.434645832,0.045806166,0.201901157,0.317646844
0.434865989,0.045671418,0.201865314,0.317597279
0.435085517,0.045537024,0.201828988,0.31754847
0.435304408,0.045402989,0.20179218,0.317500422
0.435522655,0.045269316,0.201754891,0.317453138
0.435740252,0.045136007,0.201717119,0.317406621
0.435957194,0.045003067,0.201678865,0.317360874
0.436173477,0.044870498,0.201640128,0.317315897
0.436389099,0.044738303,0.201600906,0.317271693
0.436604056,0.044606483,0.201561197,0.317228264
0.436818346,0.044475041,0.201521001,0.317185612
0.437031966,0.044343979,0.201480316,0.317143739
0.437244913,0.044213299,0.201439139,0.31710265
0.437457184,0.044083001,0.201397469,0.317062346
0.437668776,0.043953089,0.201355305,0.31702283
0.437879686,0.043823563,0.201312646,0.316984105
0.438089908,0.043694427,0.201269493,0.316946172
0.438299437,0.043565683,0.201225846,0.316909034
0.438508264,0.043437334,0.201181709,0.316872693
0.438716383,0.043309383,0.201137083,0.316837151
0.438923786,0.043181834,0.20109197,0.316802411
0.439130467,0.04305469,0.20104637,0.316768473
0.439336421,0.042927953,0.201000286,0.31673534
0.439541643,0.042801626,0.200953719,0.316703011
0.439746126,0.042675713,0.20090667,0.31667149
0.439949866,0.042550216,0.200859142,0.316640776
0.440152856,0.042425139,0.200811135,0.31661087
0.440355089,0.042300485,0.200762652,0.316581774
0.440556558,0.042176258,0.200713696,0.316553488
0.440757258,0.04205246,0.20066427,0.316526013
0.44095718,0.041929094,0.200614374,0.316499352
0.441156318,0.041806162,0.200564011,0.316473509
0.441354666,0.041683667,0.200513182,0.316448485
0.441552216,0.041561609,0.200461889,0.316424286
0.441748962,0.041439991,0.200410133,0.316400915
0.441944894,0.041318813,0.200357914,0.316378378
0.442140007,0.041198077,0.200305235,0.31635668
0.442334293,0.041077785,0.200252095,0.316335827
0.442527744,0.040957935,0.200198496,0.316315824
0.442720353,0.040838531,0.200144439,0.316296677
0.442912114,0.040719572,0.200089924,0.316278391
0.443103019,0.040601061,0.200034952,0.316260968
0.443293065,0.040483,0.199979521,0.316244414
0.443482244,0.040365394,0.199923632,0.31622873
0.443670552,0.040248247,0.199867282,0.316213919
0.443857984,0.040131561,0.199810472,0.316199983
0.444044536,0.040015341,0.199753199,0.316186924
0.444230202,0.039899589,0.199695464,0.316174745
0.444414978,0.039784308,0.199637268,0.316163446
0.44459886,0.039669499,0.199578613,0.316153029
0.444781843,0.039555164,0.1995195,0.316143494
0.444963923,0.039441306,0.19945993,0.316134841
0.445145097,0.039327924,0.199399906,0.316127072
0.445325363,0.039215023,0.199339428,0.316120187
0.445504715,0.039102602,0.199278497,0.316114186
0.445683148,0.038990665,0.199217118,0.31610907
0.445860656,0.038879213,0.199155292,0.316104839
0.446037231,0.038768249,0.199093025,0.316101495
0.446212865,0.038657776,0.199030321,0.316099038
0.446387548,0.038547796,0.198967186,0.31609747
0.446561269,0.038438311,0.198903626,0.316096794
0.446734019,0.038329323,0.198839647,0.316097011
0.446905787,0.038220837,0.198775254,0.316098122
0.447076565,0.038112853,0.198710453,0.316100129
0.447246344,0.038005376,0.19864525,0.31610303
0.447415116,0.037898407,0.19857965,0.316106827
0.447582872,0.037791949,0.198513659,0.31611152
0.447749605,0.037686003,0.198447283,0.316117109
0.447915307,0.03758057,0.198380528,0.316123594
0.448079972,0.037475653,0.198313401,0.316130974
0.448243592,0.037371252,0.198245908,0.316139248
0.448406163,0.037267367,0.198178056,0.316148413
0.44856768,0.037163999,0.198109852,0.316158469
0.448728137,0.037061148,0.198041302,0.316169414
0.44888753,0.036958813,0.197972412,0.316181244
0.449045856,0.036856995,0.197903189,0.31619396
0.449203112,0.036755692,0.197833639,0.316207557
0.449359293,0.036654904,0.197763769,0.316222034
0.449514396,0.036554631,0.197693585,0.316237388
0.449668419,0.036454872,0.197623094,0.316253615
0.449821357,0.036355628,0.197552302,0.316270712
0.449973208,0.0362569,0.197481217,0.316288675
0.45012397,0.036158688,0.197409842,0.3163075
0.450273639,0.036060995,0.197338183,0.316327182
0.450422212,0.035963823,0.197266245,0.316347719
0.450569687,0.035867173,0.197194032,0.316369108
0.45071606,0.035771047,0.197121548,0.316391345
0.450861327,0.035675447,0.197048799,0.316414427
0.451005484,0.035580371,0.196975791,0.316438354
0.451148527,0.035485822,0.19690253,0.316463121
0.451290451,0.035391797,0.196829022,0.316488729
0.451431253,0.035298298,0.196755271,0.316515178
0.451570925,0.035205322,0.196681284,0.31654247
0.451709463,0.035112869,0.196607063,0.316570606
0.451846859,0.035020937,0.196532615,0.316599589
0.451983107,0.034929528,0.196457945,0.31662942
0.452118199,0.03483864,0.196383058,0.316660103
0.452252127,0.034748276,0.19630796,0.316691637
0.45238488,0.034658439,0.196232657,0.316724024
0.45251645,0.034569131,0.196157154,0.316757265
0.452646827,0.034480356,0.196081456,0.316791361
0.452776001,0.034392118,0.196005569,0.316826312
0.452903962,0.03430442,0.195929496,0.316862122
0.453030703,0.034217264,0.195853241,0.316898792
0.453156215,0.034130655,0.195776807,0.316936323
0.453280489,0.034044596,0.195700196,0.316974719
0.453403519,0.033959088,0.195623412,0.317013981
0.453525296,0.033874136,0.195546458,0.31705411
0.453645813,0.033789741,0.195469339,0.317095106
0.453765064,0.033705904,0.195392062,0.31713697
0.45388304,0.033622629,0.195314633,0.317179698
0.453999734,0.033539915,0.195237061,0.317223289
0.454115141,0.033457766,0.195159352,0.31726774
0.454229255,0.033376185,0.195081512,0.317313049
0.45434207,0.033295174,0.195003544,0.317359211
0.454453584,0.033214737,0.194925454,0.317406225
0.45456379,0.033134878,0.194847245,0.317454087
0.454672686,0.0330556,0.19476892,0.317502794
0.454780268,0.032976907,0.194690482,0.317552343
0.454886533,0.032898803,0.194611933,0.317602732
0.454991477,0.03282129,0.194533276,0.317653957
0.455095097,0.032744373,0.194454514,0.317706016
0.455197391,0.032668055,0.19437565,0.317758904
0.455298356,0.03259234,0.194296684,0.31781262
0.455397989,0.032517232,0.194217619,0.31786716
0.455496289,0.032442733,0.194138458,0.31792252
0.455593253,0.032368848,0.194059201,0.317978697
0.455688878,0.032295581,0.193979852,0.318035689
0.455783163,0.032222934,0.193900411,0.318093492
0.455876104,0.03215091,0.193820883,0.318152103
0.4559677,0.032079513,0.193741268,0.318211519
0.456057949,0.032008745,0.193661569,0.318271737
0.456146851,0.031938607,0.193581787,0.318332755
0.456234404,0.031869102,0.193501923,0.31839457
0.456320612,0.031800232,0.193421977,0.318457179
0.456405476,0.031731997,0.193341949,0.318520578
0.456489001,0.031664398,0.19326184,0.318584761
0.456571189,0.031597438,0.19318165,0.318649724
0.456652041,0.031531117,0.19310138,0.318715462
0.456731561,0.031465437,0.193021033,0.318781969
0.456809747,0.0314004,0.192940613,0.31884924
0.4568866,0.031336009,0.192860124,0.318917267
0.45696212,0.031272266,0.19277957,0.318986044
0.457036309,0.031209173,0.192698953,0.319055565
0.457109166,0.031146734,0.192618277,0.319125822
0.457180693,0.031084952,0.192537545,0.31919681
0.457250892,0.031023828,0.192456759,0.319268521
0.457319763,0.030963366,0.192375922,0.319340949
0.457387306,0.030903567,0.192295039,0.319414088
0.457453523,0.030844434,0.192214111,0.319487932
0.457518414,0.030785968,0.192133144,0.319562474
0.457581979,0.030728171,0.192052142,0.319637708
0.457644219,0.030671046,0.191971108,0.319713628
0.457705136,0.030614593,0.191890046,0.319790226
0.45776473,0.030558815,0.191808959,0.319867495
0.457823005,0.030503712,0.191727853,0.31994543
0.457879961,0.030449286,0.191646729,0.320024024
0.4579356,0.030395538,0.191565591,0.320103271
0.457989925,0.03034247,0.191484443,0.320183163
0.458042936,0.030290082,0.191403288,0.320263694
0.458094638,0.030238377,0.191322129,0.320344857
0.458145032,0.030187353,0.19124097,0.320426644
0.458194124,0.030137013,0.191159815,0.320509048
0.458241917,0.030087354,0.191078667,0.320592062
0.458288416,0.030038378,0.190997527,0.320675678
0.45833363,0.029990083,0.190916397,0.32075989
0.458377566,0.029942467,0.190835278,0.320844688
0.458420233,0.029895531,0.190754173,0.320930064
0.45846164,0.029849271,0.190673082,0.321016007
0.458501798,0.029803686,0.190592012,0.321102504
0.458540714,0.029758776,0.190510965,0.321189544
0.458578396,0.029714541,0.190429951,0.321277113
0.458614848,0.02967098,0.190348975,0.321365196
0.458650077,0.029628096,0.190268047,0.32145378
0.458684086,0.029585887,0.190187177,0.32154285
0.458716878,0.029544355,0.190106372,0.321632395
0.458748457,0.029503499,0.19002564,0.321722404
0.458778823,0.029463318,0.189944988,0.321812871
0.458807977,0.029423812,0.189864421,0.32190379
0.458835919,0.029384977,0.189783946,0.321995158
0.458862647,0.029346813,0.18970357,0.32208697
0.458888159,0.029309317,0.1896233,0.322179224
0.458912453,0.029272488,0.189543141,0.322271917
0.458935527,0.029236324,0.189463099,0.32236505
0.458957378,0.029200822,0.189383179,0.32245862
0.458978005,0.029165982,0.189303386,0.322552627
0.458997407,0.029131799,0.189223724,0.32264707
0.45901558,0.029098273,0.189144199,0.322741948
0.459032525,0.029065399,0.189064818,0.322837259
0.45904824,0.029033175,0.188985585,0.322933
0.459062725,0.029001598,0.188906507,0.323029171
0.459075979,0.028970663,0.18882759,0.323125768
0.459088004,0.028940368,0.188748841,0.323222788
0.459098798,0.028910709,0.188670266,0.323320227
0.459108362,0.028881683,0.188591873,0.323418082
0.459116695,0.028853287,0.188513669,0.323516349
0.459123797,0.028825519,0.188435661,0.323615023
0.459129666,0.028798376,0.188357858,0.323714099
0.459134303,0.028771855,0.188280268,0.323813574
0.459137706,0.028745952,0.188202898,0.323913444
0.459139875,0.028720666,0.188125756,0.324013703
0.459140811,0.028695992,0.188048849,0.324114347
0.459140516,0.028671927,0.187972185,0.324215372
0.459138989,0.028648467,0.187895771,0.324316773
0.459136232,0.028625609,0.187819613,0.324418546
0.459132247,0.028603348,0.18774372,0.324520685
0.459127034,0.028581682,0.187668098,0.324623185
0.459120594,0.028560608,0.187592757,0.32472604
0.459112926,0.028540125,0.187517707,0.324829242
0.459104028,0.028520234,0.18744296,0.324932779
0.459093898,0.028500934,0.187368528,0.325036641
0.459082535,0.028482226,0.187294422,0.325140817
0.459069939,0.028464112,0.187220656,0.325245294
0.459056109,0.028446591,0.187147239,0.32535006
0.459041047,0.028429665,0.187074184,0.325455104
0.459024752,0.028413333,0.1870015,0.325560415
0.459007225,0.028397597,0.186929199,0.325665979
0.458988464,0.028382458,0.186857291,0.325771787
0.45896847,0.028367919,0.186785786,0.325877826
0.458947242,0.02835398,0.186714694,0.325984085
0.458924778,0.028340643,0.186644026,0.326090553
0.458901075,0.028327913,0.186573793,0.326197219
0.458876128,0.028315792,0.186504011,0.326304069
0.458849932,0.028304283,0.186434692,0.326411092
0.458822483,0.028293389,0.186365852,0.326518276
0.458793775,0.028283114,0.186297502,0.326625609
0.458763803,0.02827346,0.186229656,0.32673308
0.458732564,0.02826443,0.186162327,0.326840679
0.458700054,0.028256025,0.186095525,0.326948397
0.458666268,0.028248247,0.186029261,0.327056224
0.458631204,0.028241097,0.185963546,0.327164153
0.458594859,0.028234577,0.18589839,0.327272174
0.458557232,0.028228686,0.185833801,0.327380281
0.458518318,0.028223426,0.185769791,0.327488466
0.458478117,0.028218796,0.185706366,0.32759672
0.458436626,0.028214799,0.185643538,0.327705037
0.458393844,0.028211435,0.185581314,0.327813408
0.458349769,0.028208704,0.185519702,0.327921825
0.4583044,0.028206609,0.18545871,0.328030281
0.458257735,0.028205152,0.185398344,0.328138769
0.458209772,0.028204335,0.185338611,0.328247283
0.458160508,0.028204161,0.185279516,0.328355815
0.458109942,0.028204634,0.185221064,0.32846436
0.458058074,0.028205756,0.185163261,0.328572909
0.458004903,0.028207529,0.185106111,0.328681457
0.457950429,0.028209957,0.185049619,0.328789995
