processed_ch1,processed_ch2,processed_ch3,processed_ch4
0.381697963,0.090705259,0.046512825,0.481083954
0.381630403,0.090809762,0.046468924,0.481090912
0.38156313,0.090914813,0.046425116,0.481096941
0.381496142,0.091020408,0.046381406,0.481102044
0.381429438,0.091126541,0.046337797,0.481106223
0.381363014,0.091233209,0.046294295,0.481109482
0.381296869,0.091340403,0.046250903,0.481111825
0.381231,0.09144812,0.046207626,0.481113255
0.381165403,0.091556353,0.046164467,0.481113777
0.381100076,0.091665096,0.04612143,0.481113397
0.381035017,0.091774344,0.046078519,0.48111212
0.380970221,0.091884091,0.046035736,0.481109953
0.380905688,0.091994329,0.045993084,0.4811069
0.380841416,0.092105052,0.045950565,0.481102968
0.380777407,0.092216252,0.045908181,0.48109816
0.380713661,0.092327924,0.045865934,0.481092481
0.380650179,0.092440058,0.045823825,0.481085937
0.380586965,0.092552648,0.045781857,0.48107853
0.380524021,0.092665686,0.045740028,0.481070266
0.38046135,0.092779162,0.045698339,0.481061148
0.380398955,0.092893072,0.045656791,0.481051182
0.380336838,0.093007406,0.045615385,0.481040371
0.380275001,0.093122159,0.04557412,0.481028719
0.380213444,0.093237325,0.045533,0.481016231
0.380152169,0.093352896,0.045492025,0.481002911
0.380091174,0.093468866,0.045451198,0.480988762
0.380030461,0.093585229,0.045410523,0.480973787
0.379970029,0.093701977,0.045370003,0.480957991
0.379909877,0.093819106,0.045329641,0.480941377
0.379850004,0.093936607,0.045289439,0.480923949
0.379790411,0.094054476,0.045249402,0.48090571
0.379731098,0.094172706,0.045209533,0.480886663
0.379672066,0.094291291,0.045169834,0.480866809
0.379613314,0.094410225,0.045130309,0.480846152
0.379554845,0.094529502,0.045090959,0.480824695
0.379496658,0.094649115,0.045051787,0.48080244
0.379438754,0.094769058,0.045012794,0.480779393
0.379381134,0.094889326,0.044973983,0.480755557
0.379323797,0.095009913,0.044935356,0.480730934
0.379266745,0.095130813,0.044896914,0.480705529
0.379209978,0.09525202,0.044858658,0.480679344
0.379153499,0.095373529,0.04482059,0.480652382
0.37909731,0.095495333,0.044782711,0.480624646
0.379041414,0.095617425,0.044745022,0.480596139
0.378985814,0.095739799,0.044707524,0.480566864
0.378930511,0.095862447,0.044670217,0.480536824
0.378875509,0.095985363,0.044633105,0.480506023
0.37882081,0.096108539,0.044596188,0.480474464
0.378766415,0.096231966,0.044559468,0.480442151
0.378712325,0.096355638,0.044522948,0.48040909
0.378658543,0.096479544,0.044486629,0.480375285
0.37860507,0.096603677,0.044450513,0.480340741
0.378551909,0.096728027,0.044414602,0.480305462
0.378499062,0.096852586,0.044378897,0.480269455
0.378446531,0.096977346,0.0443434,0.480232723
0.378394319,0.097102298,0.044308111,0.480195272
0.378342427,0.097227434,0.044273033,0.480157106
0.378290856,0.097352746,0.044238167,0.48011823
0.378239609,0.097478227,0.044203515,0.48007865
0.378188684,0.097603868,0.044169079,0.48003837
0.378138081,0.097729662,0.044134861,0.479997397
0.378087798,0.097855601,0.044100865,0.479955736
0.378037832,0.097981681,0.044067094,0.479913393
0.377988182,0.098107893,0.044033549,0.479870376
0.377938843,0.098234232,0.044000234,0.479826691
0.377889813,0.098360694,0.04396715,0.479782344
0.377841087,0.098487272,0.043934298,0.479737343
0.377792663,0.098613962,0.043901681,0.479691694
0.377744539,0.098740758,0.0438693,0.479645404
0.37769671,0.098867655,0.043837156,0.479598479
0.377649175,0.098994647,0.043805251,0.479550928
0.377601932,0.099121727,0.043773586,0.479502755
0.377554978,0.099248891,0.043742162,0.479453969
0.377508313,0.09937613,0.043710981,0.479404576
0.377461937,0.099503439,0.043680042,0.479354582
0.377415847,0.099630811,0.043649345,0.479303997
0.377370043,0.099758238,0.043618891,0.479252828
0.377324524,0.099885715,0.043588677,0.479201083
0.37727929,0.100013233,0.043558705,0.479148773
0.377234338,0.100140785,0.043528972,0.479095905
0.377189668,0.100268363,0.043499479,0.47904249
0.377145278,0.100395959,0.043470225,0.478988538
0.377101169,0.100523565,0.043441209,0.478934056
0.37705734,0.100651173,0.043412431,0.478879056
0.377013788,0.100778774,0.043383892,0.478823545
0.376970513,0.10090636,0.043355592,0.478767534
0.376927514,0.101033922,0.043327532,0.478711031
0.37688479,0.101161452,0.043299712,0.478654046
0.376842339,0.101288942,0.043272134,0.478596586
0.376800159,0.101416382,0.043244797,0.478538661
0.37675825,0.101543767,0.043217704,0.478480279
0.376716609,0.101671087,0.043190853,0.47842145
0.376675237,0.101798334,0.043164246,0.478362182
0.376634133,0.101925501,0.043137882,0.478302483
0.376593298,0.102052578,0.043111761,0.478242362
0.376552734,0.102179556,0.043085883,0.478181827
0.376512442,0.102306427,0.043060246,0.478120886
0.376472424,0.10243318,0.043034849,0.478059547
0.376432682,0.102559807,0.043009693,0.477997818
0.376393218,0.102686298,0.042984776,0.477935708
0.376354036,0.102812643,0.042960099,0.477873222
0.376315136,0.102938834,0.04293566,0.47781037
0.37627652,0.103064862,0.042911462,0.477747156
0.376238187,0.103190719,0.042887505,0.477683589
0.376200139,0.103316397,0.04286379,0.477619674
0.376162373,0.103441891,0.042840317,0.477555419
0.376124889,0.103567193,0.042817088,0.47749083
0.376087684,0.103692298,0.042794103,0.477425915
0.376050758,0.103817197,0.042771364,0.477360681
0.37601411,0.103941885,0.042748869,0.477295136
0.375977737,0.104066353,0.042726619,0.477229291
0.375941638,0.104190593,0.042704614,0.477163155
0.375905811,0.104314598,0.042682853,0.477096739
0.375870253,0.104438358,0.042661337,0.477030051
0.375834963,0.104561866,0.042640065,0.476963105
0.375799939,0.104685113,0.042619038,0.47689591
0.375765177,0.10480809,0.042598255,0.476828478
0.375730676,0.104930789,0.042577715,0.47676082
0.375696434,0.105053201,0.042557418,0.476692947
0.375662448,0.105175318,0.042537364,0.476624869
0.375628719,0.105297131,0.042517552,0.476556598
0.375595244,0.105418631,0.042497983,0.476488142
0.375562023,0.10553981,0.042478655,0.476419513
0.375529056,0.105660658,0.042459568,0.476350719
0.375496341,0.105781167,0.042440723,0.47628177
0.375463879,0.105901328,0.042422118,0.476212675
0.375431669,0.106021134,0.042403755,0.476143443
0.37539971,0.106140574,0.04238563,0.476074085
0.375368003,0.106259642,0.042367745,0.47600461
0.375336544,0.106378329,0.042350099,0.475935028
0.375305334,0.106496629,0.04233269,0.475865348
0.37527437,0.106614533,0.042315519,0.475795578
0.375243651,0.106732037,0.042298585,0.475725727
0.375213175,0.106849132,0.042281889,0.475655803
0.375182941,0.106965813,0.042265431,0.475585816
0.375152946,0.107082072,0.042249208,0.475515774
0.375123189,0.107197904,0.042233221,0.475445685
0.375093669,0.107313303,0.042217469,0.475375559
0.375064383,0.10742826,0.04220195,0.475305406
0.375035331,0.107542771,0.042186663,0.475235235
0.375006513,0.107656826,0.042171607,0.475165054
0.374977929,0.107770419,0.042156781,0.475094871
0.374949578,0.107883543,0.042142186,0.475024693
0.374921462,0.107996189,0.04212782,0.474954529
0.37489358,0.108108351,0.042113685,0.474884385
0.374865933,0.10822002,0.042099778,0.474814268
0.374838523,0.108331189,0.042086101,0.474744186
0.37481135,0.10844185,0.042072654,0.474674146
0.374784415,0.108551996,0.042059435,0.474604154
0.374757718,0.108661619,0.042046445,0.474534218
0.374731259,0.108770713,0.042033686,0.474464341
0.374705038,0.108879274,0.042021158,0.474394531
0.374679052,0.108987296,0.042008862,0.474324791
0.374653301,0.109094776,0.041996797,0.474255126
0.374627784,0.109201711,0.041984966,0.474185539
0.374602501,0.109308096,0.041973367,0.474116037
0.374577449,0.109413929,0.041962,0.474046623
0.374552628,0.109519205,0.041950864,0.473977303
0.374528037,0.10962392,0.041939959,0.473908083
0.374503676,0.109728071,0.041929284,0.47383897
0.374479543,0.109831654,0.041918837,0.473769966
0.37445564,0.109934665,0.041908618,0.473701078
0.374431964,0.110037099,0.041898628,0.473632308
0.374408517,0.110138954,0.041888869,0.47356366
0.374385298,0.110240224,0.04187934,0.473495138
0.374362306,0.110340908,0.041870043,0.473426743
0.374339542,0.110441,0.041860978,0.47335848
0.374317006,0.110540497,0.041852146,0.47329035
0.374294697,0.110639398,0.041843547,0.473222359
0.374272613,0.110737697,0.041835179,0.473154511
0.374250753,0.110835394,0.041827042,0.473086812
0.374229115,0.110932484,0.041819134,0.473019266
0.374207699,0.111028964,0.041811456,0.472951881
0.374186502,0.111124832,0.041804004,0.472884662
0.374165524,0.111220085,0.041796779,0.472817612
0.374144765,0.111314719,0.04178978,0.472750736
0.374124224,0.111408734,0.041783004,0.472684038
0.3741039,0.111502127,0.041776452,0.472617521
0.374083792,0.111594896,0.041770122,0.472551189
0.374063901,0.111687039,0.041764013,0.472485047
0.374044224,0.111778555,0.041758123,0.472419098
0.374024761,0.111869441,0.041752452,0.472353346
0.374005508,0.111959697,0.041746999,0.472287796
0.373986463,0.112049323,0.041741764,0.47222245
0.373967623,0.112138316,0.041736746,0.472157314
0.373948986,0.112226676,0.041731945,0.472092392
0.373930549,0.112314403,0.04172736,0.472027688
0.373912308,0.112401494,0.041722989,0.471963208
0.373894263,0.112487948,0.041718833,0.471898956
0.37387641,0.112573763,0.041714891,0.471834935
0.373858748,0.112658939,0.041711162,0.471771151
0.373841277,0.112743472,0.041707645,0.471707606
0.373823996,0.112827362,0.041704338,0.471644304
0.373806905,0.112910607,0.041701239,0.471581248
0.373790005,0.112993205,0.041698348,0.471518442
0.373773297,0.113075153,0.041695661,0.471455889
0.373756783,0.113156449,0.041693176,0.471393592
0.373740465,0.11323709,0.041690893,0.471331552
0.373724347,0.113317074,0.041688809,0.471269771
0.373708428,0.113396399,0.041686924,0.471208249
0.373692709,0.113475064,0.041685238,0.471146989
0.373677192,0.113553067,0.041683751,0.47108599
0.373661876,0.113630407,0.041682461,0.471025256
0.373646763,0.113707083,0.04168137,0.470964785
0.373631854,0.113783093,0.041680476,0.470904577
0.373617153,0.113858436,0.041679778,0.470844633
0.373602663,0.113933111,0.041679275,0.470784951
0.373588388,0.114007115,0.041678967,0.47072553
0.373574333,0.114080448,0.041678851,0.470666368
0.373560501,0.114153106,0.041678929,0.470607464
0.373546897,0.114225089,0.041679197,0.470548817
0.373533526,0.114296393,0.041679655,0.470490426
0.373520392,0.114367017,0.041680303,0.470432289
0.373507499,0.114436958,0.041681137,0.470374406
0.373494853,0.114506215,0.041682157,0.470316775
0.373482457,0.114574786,0.041683361,0.470259396
0.373470317,0.114642667,0.04168475,0.470202266
0.373458438,0.114709857,0.04168632,0.470145384
0.373446825,0.114776354,0.041688072,0.470088749
0.373435485,0.114842154,0.041690003,0.470032358
0.373424423,0.114907254,0.041692112,0.469976211
0.373413645,0.114971652,0.041694397,0.469920306
0.373403159,0.115035344,0.041696854,0.469864643
0.373392971,0.115098328,0.041699481,0.469809221
0.373383086,0.1151606,0.041702276,0.469754038
0.373373511,0.115222159,0.041705237,0.469699094
0.373364252,0.115283,0.041708362,0.469644386
0.373355313,0.115343122,0.041711653,0.469589912
0.3733467,0.115402522,0.041715107,0.469535671
0.373338417,0.115461195,0.041718725,0.469481662
0.373330468,0.115519141,0.041722507,0.469427883
0.373322857,0.115576356,0.041726455,0.469374332
0.373315586,0.115632837,0.04173057,0.469321007
0.373308662,0.115688582,0.041734851,0.469267904
0.373302088,0.115743589,0.0417393,0.469215022
0.37329587,0.115797856,0.041743916,0.469162358
0.373290012,0.115851379,0.041748699,0.46910991
0.37328452,0.115904157,0.041753649,0.469057674
0.3732794,0.115956187,0.041758765,0.469005648
0.373274659,0.116007467,0.041764048,0.468953826
0.373270305,0.116057994,0.041769495,0.468902206
0.373266345,0.116107766,0.041775107,0.468850782
0.373262786,0.116156782,0.041780882,0.46879955
0.373259637,0.116205038,0.04178682,0.468748505
0.373256903,0.116252535,0.041792917,0.468697644
0.373254594,0.11629927,0.041799174,0.468646963
0.373252716,0.116345242,0.041805587,0.468596455
0.373251278,0.11639045,0.041812154,0.468546118
0.373250286,0.116434894,0.041818872,0.468495948
0.373249746,0.116478574,0.041825741,0.468445939
0.373249666,0.116521489,0.041832756,0.468396089
0.373250049,0.11656364,0.041839918,0.468346393
0.373250901,0.116605029,0.041847223,0.468296846
0.373252228,0.116645656,0.041854672,0.468247444
0.373254036,0.116685523,0.04186226,0.468198181
0.373256331,0.11672463,0.041869988,0.468149051
0.37325912,0.116762979,0.041877852,0.46810005
0.373262408,0.116800572,0.041885849,0.468051171
0.373266202,0.11683741,0.041893977,0.468002411
0.373270509,0.116873496,0.041902233,0.467953762
0.373275332,0.116908832,0.041910615,0.467905221
0.373280677,0.116943422,0.041919122,0.46785678
0.373286545,0.116977271,0.041927752,0.467808432
0.37329294,0.117010388,0.041936503,0.467760169
0.373299862,0.11704278,0.041945376,0.467711983
0.373307312,0.117074456,0.041954368,0.467663864
0.37331529,0.117105426,0.041963478,0.467615805
0.373323797,0.117135701,0.041972707,0.467567795
0.37333283,0.117165289,0.041982053,0.467519828
0.373342388,0.117194202,0.041991514,0.467471896
0.37335247,0.117222448,0.042001091,0.46742399
0.373363074,0.117250038,0.042010783,0.467376105
0.373374197,0.117276982,0.042020589,0.467328233
0.373385835,0.117303288,0.042030509,0.467280368
0.373397987,0.117328968,0.04204054,0.467232505
0.373410649,0.117354028,0.042050682,0.46718464
0.373423818,0.11737848,0.042060933,0.467136769
0.373437491,0.11740233,0.042071292,0.467088887
0.373451663,0.117425587,0.042081756,0.467040993
0.373466332,0.11744826,0.042092324,0.466993084
0.373481493,0.117470355,0.042102995,0.466945157
0.373497141,0.117491881,0.042113768,0.46689721
0.373513271,0.117512845,0.042124643,0.46684924
0.373529877,0.117533257,0.042135621,0.466801245
0.373546954,0.117553125,0.042146699,0.466753222
0.373564494,0.117572459,0.042157879,0.466705168
0.373582492,0.117591269,0.042169157,0.466657081
0.373600942,0.117609563,0.042180534,0.466608961
0.373619837,0.117627351,0.042192007,0.466560805
0.373639172,0.11764464,0.042203576,0.466512612
0.373658941,0.117661439,0.042215239,0.466464381
0.373679139,0.117677755,0.042226995,0.466416111
0.37369976,0.117693596,0.042238843,0.466367802
0.373720798,0.117708967,0.04225078,0.466319454
0.373742248,0.117723876,0.042262806,0.466271071
0.373764104,0.117738327,0.042274917,0.466222652
0.37378636,0.117752327,0.042287113,0.4661742
0.373809012,0.117765881,0.042299391,0.466125716
0.373832054,0.117778993,0.042311749,0.466077204
0.373855482,0.11779167,0.042324185,0.466028663
0.373879291,0.117803915,0.042336696,0.465980098
0.373903476,0.117815733,0.04234928,0.465931511
0.373928032,0.11782713,0.042361934,0.465882904
0.373952955,0.117838109,0.042374656,0.46583428
0.373978238,0.117848676,0.042387445,0.465785641
0.374003877,0.117858836,0.042400299,0.465736988
0.374029864,0.117868593,0.042413219,0.465688324
0.374056195,0.117877951,0.042426205,0.465639649
0.374082861,0.117886917,0.042439259,0.465590962
0.374109857,0.117895495,0.042452382,0.465542266
0.374137176,0.117903689,0.042465574,0.46549356
0.374164811,0.117911506,0.042478838,0.465444846
0.374192755,0.117918949,0.042492173,0.465396123
0.374221004,0.117926023,0.04250558,0.465347393
0.37424955,0.117932733,0.042519061,0.465298656
0.374278389,0.117939082,0.042532616,0.465249914
0.374307514,0.117945074,0.042546246,0.465201166
0.374336921,0.117950713,0.042559951,0.465152415
0.374366604,0.117956002,0.042573732,0.465103662
0.374396556,0.117960946,0.04258759,0.465054908
0.374426771,0.117965549,0.042601526,0.465006154
0.374457244,0.117969815,0.04261554,0.464957401
0.374487966,0.11797375,0.042629633,0.464908651
0.374518931,0.117977359,0.042643807,0.464859904
0.374550131,0.117980648,0.042658061,0.46481116
0.374581561,0.117983621,0.042672397,0.464762422
0.374613211,0.117986283,0.042686816,0.46471369
0.374645076,0.11798864,0.042701319,0.464664966
0.374677148,0.117990695,0.042715906,0.464616251
0.374709419,0.117992454,0.042730577,0.464567549
0.374741885,0.11799392,0.042745335,0.464518861
0.374774536,0.117995097,0.042760178,0.464470189
0.374807368,0.117995989,0.042775106,0.464421537
0.374840374,0.117996599,0.04279012,0.464372906
0.374873547,0.117996932,0.042805219,0.464324302
0.37490688,0.117996989,0.042820402,0.46427573
0.374940367,0.117996774,0.042835667,0.464227192
0.374974001,0.11799629,0.042851016,0.464178694
0.375007775,0.117995541,0.042866447,0.464130237
0.375041682,0.117994529,0.042881962,0.464081826
0.375075717,0.117993261,0.04289756,0.464033462
0.375109871,0.11799174,0.04291324,0.463985149
0.375144137,0.117989972,0.042929002,0.463936888
0.375178509,0.117987961,0.042944846,0.463888684
0.375212977,0.117985712,0.042960772,0.463840539
0.375247536,0.117983229,0.042976778,0.463792457
0.375282178,0.117980517,0.042992866,0.46374444
0.375316894,0.117977579,0.043009036,0.463696491
0.375351676,0.11797442,0.043025288,0.463648616
0.375386517,0.117971043,0.043041622,0.463600818
0.375421409,0.117967452,0.043058038,0.463553102
0.375456343,0.117963649,0.043074537,0.463505471
0.375491315,0.117959637,0.043091119,0.463457929
0.375526318,0.117955419,0.043107781,0.463410481
0.375561348,0.117950998,0.043124524,0.463363131
0.3755964,0.117946374,0.043141345,0.46331588
0.375631472,0.117941552,0.043158244,0.463268732
0.375666561,0.117936532,0.04317522,0.463221687
0.375701663,0.117931316,0.043192272,0.463174749
0.375736777,0.117925908,0.043209398,0.463127918
0.375771897,0.117920309,0.043226598,0.463081196
0.37580702,0.117914522,0.043243873,0.463034585
0.375842141,0.117908551,0.043261223,0.462988085
0.375877258,0.117902397,0.043278647,0.462941698
0.375912366,0.117896064,0.043296145,0.462895425
0.375947464,0.117889552,0.043313717,0.462849267
0.375982549,0.117882863,0.043331363,0.462803225
0.376017617,0.117876,0.043349082,0.462757301
0.376052667,0.117868963,0.043366875,0.462711496
0.376087694,0.117861753,0.043384741,0.462665812
0.376122696,0.117854372,0.043402681,0.462620251
0.376157671,0.117846822,0.043420693,0.462574814
0.376192617,0.117839103,0.043438778,0.462529503
0.376227531,0.117831216,0.043456934,0.462484319
0.376262411,0.117823162,0.043475163,0.462439263
0.376297256,0.117814943,0.043493464,0.462394337
0.376332062,0.117806559,0.043511837,0.462349542
0.376366827,0.117798011,0.043530282,0.46230488
0.376401547,0.117789302,0.043548799,0.462260352
0.376436219,0.117780434,0.043567387,0.462215961
0.376470837,0.117771408,0.043586047,0.462171707
0.376505399,0.117762229,0.043604778,0.462127594
0.3765399,0.117752896,0.04362358,0.462083624
0.376574336,0.117743413,0.043642453,0.462039798
0.376608705,0.11773378,0.043661396,0.461996119
0.376643002,0.117723999,0.043680411,0.461952588
0.376677224,0.11771407,0.043699496,0.461909209
0.376711368,0.117703994,0.043718654,0.461865984
0.376745431,0.117693772,0.043737882,0.461822914
0.376779409,0.117683403,0.043757182,0.461780006
0.376813299,0.117672888,0.043776552,0.461737261
0.376847097,0.117662226,0.043795991,0.461694686
0.3768808,0.117651416,0.043815499,0.461652285
0.376914404,0.117640459,0.043835075,0.461610062
0.376947907,0.117629355,0.043854716,0.461568023
0.376981306,0.117618101,0.043874422,0.461526171
0.377014599,0.117606698,0.04389419,0.461484513
0.377047784,0.117595145,0.043914019,0.461443051
0.377080861,0.117583441,0.043933907,0.461401792
0.377113827,0.117571584,0.043953851,0.461360739
0.377146682,0.117559572,0.043973851,0.461319895
0.377179426,0.117547403,0.043993905,0.461279265
0.37721206,0.117535076,0.044014012,0.461238852
0.377244581,0.117522588,0.044034172,0.461198659
0.377276991,0.117509937,0.044054384,0.461158688
0.377309286,0.117497122,0.044074648,0.461118944
0.377341466,0.117484142,0.044094964,0.461079428
0.377373527,0.117470995,0.044115335,0.461040144
0.377405468,0.117457679,0.044135759,0.461001094
0.377437286,0.117444194,0.044156237,0.460962283
0.377468979,0.117430537,0.044176769,0.460923715
0.377500546,0.117416707,0.044197353,0.460885394
0.377531983,0.117402703,0.04421799,0.460847324
0.37756329,0.117388524,0.044238677,0.460809509
0.377594463,0.117374169,0.044259414,0.460771954
0.3776255,0.117359636,0.0442802,0.460734664
0.377656395,0.117344926,0.044301034,0.460697645
0.377687145,0.117330038,0.044321914,0.460660903
0.377717744,0.117314972,0.04434284,0.460624443
0.377748188,0.117299729,0.044363812,0.460588271
0.377778469,0.11728431,0.044384829,0.460552392
0.377808581,0.117268716,0.044405893,0.46051681
0.377838516,0.11725295,0.044427004,0.46048153
0.377868269,0.117237016,0.044448161,0.460446554
0.377897831,0.117220915,0.044469366,0.460411887
0.377927197,0.117204653,0.044490618,0.460377532
0.37795636,0.11718823,0.044511917,0.460343492
0.377985317,0.117171653,0.044533261,0.46030977
0.378014061,0.117154923,0.04455465,0.460276366
0.378042588,0.117138047,0.044576084,0.460243281
0.378070894,0.117121029,0.044597561,0.460210515
0.378098974,0.117103876,0.044619083,0.460178067
0.378126823,0.117086592,0.044640649,0.460145936
0.378154437,0.117069181,0.04466226,0.460114121
0.378181812,0.11705165,0.044683917,0.460082621
0.378208945,0.117034002,0.044705621,0.460051433
0.378235832,0.117016242,0.044727371,0.460020555
0.378262472,0.116998375,0.044749167,0.459989986
0.378288862,0.116980404,0.044771011,0.459959724
0.378315,0.116962335,0.0447929,0.459929766
0.378340884,0.116944171,0.044814835,0.45990011
0.378366513,0.116925918,0.044836813,0.459870756
0.378391885,0.116907578,0.044858836,0.459841702
0.378416998,0.116889156,0.0448809,0.459812946
0.378441849,0.116870654,0.044903007,0.45978449
0.378466438,0.116852077,0.044925153,0.459756332
0.378490762,0.116833426,0.044947339,0.459728473
0.378514818,0.116814706,0.044969563,0.459700914
0.378538605,0.116795917,0.044991824,0.459673654
0.378562121,0.116777062,0.045014122,0.459646695
0.378585366,0.116758143,0.045036455,0.459620035
0.378608339,0.116739163,0.045058822,0.459593675
0.378631041,0.116720123,0.045081224,0.459567612
0.378653472,0.116701026,0.045103659,0.459541844
0.378675632,0.116681873,0.045126127,0.459516369
0.378697521,0.116662666,0.045148627,0.459491185
0.378719139,0.116643409,0.045171159,0.459466293
0.378740484,0.116624103,0.045193722,0.459441692
0.378761554,0.116604749,0.045216315,0.459417381
0.37878235,0.11658535,0.04523894,0.45939336
0.378802868,0.116565907,0.045261595,0.459369631
0.378823108,0.11654642,0.045284279,0.459346194
0.378843068,0.116526891,0.045306991,0.45932305
0.378862747,0.11650732,0.045329731,0.459300202
0.378882145,0.116487708,0.045352496,0.459277651
0.378901262,0.116468055,0.045375285,0.459255399
0.378920095,0.116448362,0.045398097,0.459233447
0.378938644,0.11642863,0.045420929,0.459211798
0.378956907,0.116408858,0.045443781,0.459190454
0.378974882,0.116389047,0.045466652,0.459169419
0.37899257,0.116369196,0.045489541,0.459148694
0.379009968,0.116349306,0.045512445,0.45912828
0.379027078,0.116329377,0.045535365,0.45910818
0.379043899,0.116309407,0.045558298,0.459088396
0.379060434,0.116289395,0.045581242,0.459068929
0.379076684,0.116269343,0.045604193,0.45904978
0.37909265,0.116249248,0.04562715,0.459030952
0.379108335,0.116229112,0.045650109,0.459012444
0.379123741,0.116208934,0.045673068,0.458994258
0.379138867,0.116188714,0.045696026,0.458976393
0.379153714,0.116168453,0.045718983,0.458958849
0.379168281,0.116148152,0.04574194,0.458941627
0.379182566,0.116127813,0.045764895,0.458924725
0.379196568,0.116107437,0.045787851,0.458908144
0.379210283,0.116087026,0.045810806,0.458891885
0.379223709,0.116066581,0.045833763,0.458875947
0.379236843,0.116046103,0.045856723,0.458860331
0.379249682,0.116025594,0.045879686,0.458845038
0.379262223,0.116005057,0.045902653,0.458830067
0.379274465,0.115984491,0.045925624,0.45881542
0.379286404,0.1159639,0.0459486,0.458801096
0.379298039,0.115943287,0.045971579,0.458787095
0.379309368,0.115922652,0.045994561,0.458773418
0.37932039,0.115902001,0.046017545,0.458760064
0.379331102,0.115881337,0.046040529,0.458747032
0.379341502,0.115860665,0.046063511,0.458734323
0.379351588,0.115839988,0.04608649,0.458721935
0.379361356,0.115819313,0.046109464,0.458709867
0.379370804,0.115798645,0.046132433,0.458698118
0.379379929,0.115777989,0.046155396,0.458686686
0.379388729,0.115757351,0.046178352,0.458675568
0.379397203,0.115736735,0.0462013,0.458664762
0.37940535,0.115716147,0.046224239,0.458654265
0.379413169,0.11569559,0.046247169,0.458644072
0.379420662,0.11567507,0.046270087,0.45863418
0.379427829,0.11565459,0.046292995,0.458624587
0.379434671,0.115634154,0.046315889,0.458615285
0.379441191,0.115613766,0.046338771,0.458606272
0.379447393,0.115593429,0.046361638,0.458597541
0.379453277,0.115573145,0.046384491,0.458589087
0.379458847,0.115552918,0.046407329,0.458580906
0.379464106,0.115532749,0.04643015,0.458572995
0.379469057,0.11551264,0.046452953,0.458565349
0.379473702,0.115492592,0.046475738,0.458557968
0.379478045,0.115472606,0.046498501,0.458550848
0.379482088,0.115452682,0.046521241,0.45854399
0.379485833,0.11543282,0.046543956,0.458537391
0.379489283,0.115413021,0.046566643,0.458531053
0.379492442,0.115393286,0.046589299,0.458524972
0.379495312,0.115373615,0.046611922,0.45851915
0.379497898,0.115354008,0.046634509,0.458513586
0.379500202,0.115334464,0.046657056,0.458508278
0.37950223,0.115314983,0.04667956,0.458503228
0.379503984,0.115295564,0.04670202,0.458498433
0.37950547,0.115276206,0.046724431,0.458493893
0.379506691,0.115256908,0.046746792,0.458489609
0.379507651,0.115237669,0.0467691,0.458485579
0.379508355,0.11521849,0.046791352,0.458481803
0.379508805,0.115199371,0.046813544,0.45847828
0.379509006,0.11518031,0.046835673,0.45847501
0.379508961,0.115161309,0.046857738,0.458471992
0.379508673,0.115142368,0.046879735,0.458469224
0.379508145,0.115123487,0.046901663,0.458466704
0.379507381,0.115104667,0.046923521,0.458464431
0.379506383,0.115085907,0.046945306,0.458462404
0.379505154,0.115067209,0.046967017,0.45846062
0.379503696,0.115048572,0.046988653,0.458459079
0.379502013,0.115029996,0.047010212,0.458457778
0.379500108,0.115011481,0.047031693,0.458456718
0.379497983,0.114993026,0.047053093,0.458455897
0.379495643,0.114974632,0.04707441,0.458455315
0.379493091,0.114956296,0.047095642,0.45845497
0.379490334,0.11493802,0.047116785,0.458454861
0.379487375,0.114919801,0.047137837,0.458454987
0.379484221,0.114901641,0.047158795,0.458455344
0.379480878,0.114883538,0.047179655,0.458455929
0.379477352,0.114865495,0.047200415,0.458456738
0.37947365,0.114847512,0.047221073,0.458457765
0.379469776,0.114829591,0.04724163,0.458459004
0.379465735,0.114811734,0.047262084,0.458460446
0.379461535,0.114793945,0.047282437,0.458462083
0.379457185,0.114776223,0.047302688,0.458463904
0.379452692,0.114758571,0.047322838,0.4584659
0.379448067,0.114740989,0.047342884,0.45846806
0.379443322,0.114723478,0.047362827,0.458470372
0.379438468,0.114706039,0.047382667,0.458472826
0.379433517,0.114688671,0.047402402,0.45847541
0.37942848,0.114671375,0.047422034,0.45847811
0.379423369,0.114654151,0.047441563,0.458480917
0.379418194,0.114637,0.047460989,0.458483817
0.379412967,0.11461992,0.047480312,0.458486801
0.379407698,0.114602913,0.047499532,0.458489857
0.379402399,0.114585978,0.047518647,0.458492976
0.379397081,0.114569113,0.047537658,0.458496148
0.379391756,0.11455232,0.047556564,0.458499361
0.379386434,0.114535597,0.047575363,0.458502606
0.379381126,0.114518946,0.047594058,0.45850587
0.379375843,0.114502366,0.04761265,0.458509141
0.379370593,0.114485859,0.047631141,0.458512406
0.379365386,0.114469426,0.047649536,0.458515653
0.37936023,0.114453066,0.047667836,0.458518869
0.379355133,0.114436781,0.047686043,0.458522043
0.379350102,0.114420571,0.047704161,0.458525166
0.379345146,0.114404439,0.047722189,0.458528226
0.379340273,0.114388383,0.047740131,0.458531213
0.37933549,0.114372407,0.047757986,0.458534118
0.379330804,0.114356511,0.047775756,0.458536929
0.379326223,0.114340697,0.047793444,0.458539635
0.379321755,0.114324968,0.04781105,0.458542227
0.379317406,0.114309325,0.047828576,0.458544693
0.379313183,0.11429377,0.047846024,0.458547022
0.379309094,0.114278305,0.047863396,0.458549205
0.379305147,0.11426293,0.047880692,0.458551231
0.379301347,0.114247648,0.047897915,0.458553089
0.379297703,0.114232461,0.047915066,0.45855477
0.37929422,0.114217371,0.047932147,0.458556262
0.379290906,0.11420238,0.047949159,0.458557555
0.379287765,0.114187491,0.047966105,0.458558639
0.379284804,0.114172706,0.047982984,0.458559506
0.379282029,0.114158026,0.047999797,0.458560148
0.379279445,0.114143451,0.048016546,0.458560558
0.379277056,0.114128984,0.048033232,0.458560728
0.37927487,0.114114623,0.048049855,0.458560651
0.37927289,0.114100372,0.048066418,0.458560321
0.379271123,0.114086229,0.04808292,0.458559727
0.379269572,0.114072199,0.048099366,0.458558864
0.379268242,0.114058281,0.048115755,0.458557722
0.379267138,0.114044478,0.04813209,0.458556295
0.379266263,0.11403079,0.048148371,0.458554575
0.379265624,0.11401722,0.048164601,0.458552555
0.379265224,0.11400377,0.04818078,0.458550225
0.379265068,0.11399044,0.048196911,0.458547581
0.379265158,0.113977233,0.048212994,0.458544615
0.379265499,0.113964148,0.048229032,0.458541322
0.379266093,0.113951188,0.048245024,0.458537695
0.379266945,0.113938353,0.048260973,0.458533729
0.379268056,0.113925644,0.04827688,0.45852942
0.37926943,0.113913061,0.048292749,0.458524761
0.379271068,0.113900605,0.04830858,0.458519748
0.379272972,0.113888276,0.048324375,0.458514377
0.379275144,0.113876075,0.048340137,0.458508644
0.379277586,0.113864003,0.048355864,0.458502547
0.3792803,0.113852059,0.048371559,0.458496083
0.379283289,0.113840244,0.04838722,0.458489247
0.379286555,0.113828559,0.048402849,0.458482037
0.379290098,0.113817006,0.048418447,0.458474449
0.379293922,0.113805589,0.048434014,0.458466476
0.379298026,0.11379431,0.048449551,0.458458113
0.379302412,0.113783173,0.04846506,0.458449355
0.379307081,0.113772182,0.048480541,0.458440196
0.379312037,0.11376134,0.048495994,0.458430629
0.37931728,0.11375065,0.048511419,0.458420651
0.379322812,0.113740115,0.048526816,0.458410257
0.379328634,0.113729737,0.048542185,0.458399444
0.379334745,0.113719519,0.048557527,0.458388209
0.379341146,0.113709465,0.048572843,0.458376547
0.379347834,0.113699577,0.048588135,0.458364454
0.379354808,0.113689858,0.048603405,0.458351928
0.379362066,0.113680311,0.048618658,0.458338966
0.379369605,0.113670936,0.048633894,0.458325564
0.379377425,0.113661738,0.048649118,0.45831172
0.379385523,0.113652717,0.048664331,0.45829743
0.379393896,0.113643876,0.048679536,0.458282691
0.379402542,0.113635219,0.048694737,0.458267501
0.379411458,0.113626749,0.048709934,0.458251859
0.379420639,0.11361847,0.048725129,0.458235762
0.379430084,0.113610384,0.048740322,0.45821921
0.379439789,0.113602496,0.048755514,0.458202201
0.379449753,0.113594809,0.048770705,0.458184733
0.379459972,0.113587327,0.048785894,0.458166807
0.379470447,0.113580052,0.048801081,0.45814842
0.379481177,0.113572987,0.048816265,0.458129571
0.379492159,0.113566134,0.048831449,0.458110258
0.379503393,0.113559496,0.048846633,0.458090478
0.379514878,0.113553073,0.048861821,0.458070228
0.379526614,0.11354687,0.048877013,0.458049504
0.3795386,0.113540886,0.04889221,0.458028305
0.379550836,0.113535124,0.048907413,0.458006627
0.379563322,0.113529585,0.048922624,0.45798447
0.379576057,0.11352427,0.048937842,0.457961831
0.379589041,0.113519181,0.048953068,0.45793871
0.379602272,0.113514317,0.048968303,0.457915107
0.379615749,0.11350968,0.048983549,0.457891021
0.379629472,0.113505268,0.048998806,0.457866454
0.379643437,0.113501083,0.049014075,0.457841405
0.379657645,0.113497123,0.049029356,0.457815876
0.379672092,0.11349339,0.049044649,0.457789869
0.379686777,0.113489883,0.049059955,0.457763385
0.379701698,0.113486603,0.049075274,0.457736424
0.379716853,0.113483551,0.049090606,0.45770899
0.379732239,0.113480728,0.049105952,0.457681082
0.379747853,0.113478135,0.04912131,0.457652702
0.379763695,0.113475773,0.049136681,0.457623851
0.379779762,0.113473643,0.049152064,0.457594531
0.379796052,0.113471746,0.049167459,0.457564743
0.379812562,0.113470083,0.049182864,0.457534491
0.379829292,0.113468653,0.04919828,0.457503775
0.379846238,0.113467457,0.049213706,0.457472599
0.379863397,0.113466496,0.049229142,0.457440965
0.379880767,0.113465769,0.049244587,0.457408877
0.379898345,0.113465277,0.049260041,0.457376337
0.379916129,0.11346502,0.049275503,0.457343348
0.379934118,0.113464997,0.049290972,0.457309913
0.379952312,0.113465207,0.049306446,0.457276035
0.37997071,0.11346565,0.049321924,0.457241716
0.379989314,0.113466324,0.049337406,0.457206956
0.380008124,0.113467229,0.049352891,0.457171757
0.380027143,0.113468361,0.049368379,0.457136117
0.380046372,0.113469719,0.049383869,0.45710004
0.380065814,0.113471301,0.049399361,0.457063524
0.380085472,0.113473102,0.049414854,0.457026572
0.380105346,0.11347512,0.049430347,0.456989186
0.380125439,0.113477353,0.049445839,0.456951369
0.380145754,0.113479797,0.049461327,0.456913123
0.380166292,0.113482449,0.049476811,0.456874448
0.380187056,0.113485307,0.049492288,0.456835349
0.380208049,0.113488367,0.049507757,0.456795827
0.380229274,0.113491625,0.049523215,0.456755885
0.380250736,0.113495078,0.049538661,0.456715526
0.380272438,0.11349872,0.049554091,0.456674751
0.380294385,0.113502548,0.049569503,0.456633564
0.380316581,0.113506558,0.049584894,0.456591967
0.380339031,0.113510746,0.049600262,0.456549961
0.380361738,0.113515107,0.049615605,0.456507549
0.380384706,0.113519641,0.049630922,0.456464731
0.380407938,0.113524342,0.049646211,0.456421509
0.380431437,0.11352921,0.049661471,0.456377883
0.380455204,0.11353424,0.049676702,0.456333854
0.380479244,0.113539431,0.049691901,0.456289423
0.38050356,0.11354478,0.049707068,0.456244592
0.380528154,0.113550282,0.049722201,0.456199362
0.38055303,0.113555936,0.049737301,0.456153734
0.380578189,0.113561738,0.049752365,0.456107708
0.380603635,0.113567684,0.049767396,0.456061285
0.380629368,0.113573773,0.049782395,0.456014464
0.38065539,0.113580003,0.049797362,0.455967246
0.380681702,0.11358637,0.0498123,0.455919628
0.380708304,0.113592875,0.049827211,0.45587161
0.380735197,0.113599516,0.049842096,0.455823191
0.380762381,0.113606292,0.049856956,0.455774371
0.380789857,0.1136132,0.049871794,0.45572515
0.380817622,0.113620239,0.04988661,0.455675529
0.380845677,0.113627407,0.049901405,0.45562551
0.380874022,0.113634701,0.049916181,0.455575096
0.380902657,0.113642118,0.049930938,0.455524287
0.380931581,0.113649656,0.049945676,0.455473088
0.380960794,0.113657312,0.049960396,0.455421498
0.380990297,0.113665084,0.049975096,0.455369522
0.381020088,0.11367297,0.049989778,0.455317164
0.381050168,0.113680966,0.050004441,0.455264425
0.381080538,0.11368907,0.050019083,0.45521131
0.381111198,0.113697279,0.050033703,0.455157821
0.381142151,0.11370559,0.0500483,0.455103958
0.381173402,0.113714003,0.050062873,0.455049723
0.381204953,0.113722513,0.050077422,0.454995112
0.381236809,0.113731118,0.050091947,0.454940126
0.381268973,0.113739816,0.050106449,0.454884761
0.38130145,0.113748603,0.050120932,0.454829016
0.381334244,0.113757474,0.050135395,0.454772888
0.381367361,0.113766425,0.050149841,0.454716374
0.381400806,0.113775451,0.050164271,0.454659472
0.381434584,0.113784549,0.050178686,0.454602181
0.3814687,0.113793712,0.050193088,0.4545445
0.38150316,0.113802938,0.050207477,0.454486425
0.381537968,0.113812219,0.050221856,0.454427957
0.381573128,0.113821553,0.050236227,0.454369093
0.381608646,0.113830932,0.050250591,0.454309831
0.381644527,0.113840352,0.05026495,0.454250171
0.381680777,0.113849807,0.050279305,0.45419011
0.381717401,0.113859292,0.050293658,0.454129649
0.381754405,0.113868801,0.050308008,0.454068785
0.381791796,0.113878329,0.050322356,0.454007519
0.381829579,0.113887871,0.050336702,0.453945848
0.381867761,0.113897424,0.050351044,0.453883771
0.381906347,0.113906983,0.05036538,0.453821289
0.381945343,0.113916545,0.050379712,0.4537584
0.381984755,0.113926105,0.050394037,0.453695104
0.382024585,0.11393566,0.050408356,0.4536314
0.382064839,0.113945205,0.050422668,0.453567288
0.382105519,0.113954738,0.050436975,0.453502769
0.382146627,0.113964254,0.050451277,0.453437842
0.382188166,0.11397375,0.050465576,0.453372509
0.382230138,0.113983221,0.050479871,0.45330677
0.382272545,0.113992664,0.050494165,0.453240627
0.382315388,0.114002074,0.050508456,0.453174082
0.382358672,0.114011446,0.050522744,0.453107138
0.382402399,0.114020776,0.05053703,0.453039795
0.382446573,0.11403006,0.050551312,0.452972056
0.382491199,0.114039292,0.050565588,0.452903921
0.382536282,0.114048468,0.050579858,0.452835392
0.382581828,0.114057583,0.050594121,0.452766468
0.382627844,0.114066631,0.050608374,0.452697151
0.382674336,0.114075607,0.050622618,0.452627439
0.382721311,0.114084505,0.050636851,0.452557333
0.382768773,0.114093321,0.050651074,0.452486831
0.382816728,0.11410205,0.050665287,0.452415935
0.382865178,0.114110688,0.050679491,0.452344643
0.382914128,0.11411923,0.050693685,0.452272957
0.382963578,0.114127672,0.050707874,0.452200876
0.383013532,0.114136009,0.050722058,0.452128402
0.38306399,0.114144236,0.05073624,0.452055534
0.383114956,0.114152348,0.050750421,0.451982275
0.38316643,0.11416034,0.050764603,0.451908627
0.383218415,0.114168207,0.050778786,0.451834593
0.38327091,0.114175944,0.05079297,0.451760175
0.383323918,0.114183549,0.050807157,0.451685376
0.38337744,0.11419102,0.050821344,0.451610196
0.383431476,0.114198355,0.050835532,0.451534636
0.383486027,0.114205554,0.050849721,0.451458698
0.383541092,0.114212615,0.050863911,0.451382381
0.383596673,0.114219538,0.050878105,0.451305684
0.383652768,0.114226323,0.050892303,0.451228607
0.383709376,0.11423297,0.050906509,0.451151146
0.383766497,0.114239478,0.050920725,0.451073301
0.383824129,0.114245848,0.050934954,0.450995069
0.383882273,0.114252078,0.050949197,0.450916451
0.383940927,0.11425817,0.050963456,0.450837447
0.38400009,0.114264122,0.050977733,0.450758055
0.384059761,0.114269934,0.050992028,0.450678276
0.384119939,0.114275607,0.051006345,0.450598109
0.384180621,0.11428114,0.051020685,0.450517553
0.384241807,0.114286534,0.051035051,0.450436608
0.384303494,0.114291788,0.051049446,0.450355272
0.384365682,0.114296902,0.051063873,0.450273544
0.384428368,0.114301875,0.051078333,0.450191425
0.384491552,0.114306706,0.051092828,0.450108913
0.384555232,0.114311396,0.051107361,0.450026011
0.384619408,0.114315941,0.051121934,0.449942717
0.384684079,0.114320342,0.051136547,0.449859033
0.384749242,0.114324595,0.051151202,0.449774961
0.384814898,0.114328702,0.0511659,0.449690501
0.384881043,0.11433266,0.051180643,0.449605654
0.384947677,0.114336469,0.051195432,0.449520422
0.385014797,0.114340132,0.051210267,0.449434805
0.3850824,0.114343647,0.051225149,0.449348804
0.385150484,0.114347018,0.051240079,0.449262419
0.385219047,0.114350244,0.051255057,0.449175652
0.385288088,0.114353327,0.051270083,0.449088501
0.385357606,0.114356268,0.051285159,0.449000967
0.3854276,0.114359067,0.051300285,0.448913048
0.385498069,0.114361723,0.051315463,0.448824745
0.385569012,0.114364237,0.051330695,0.448736056
0.385640427,0.114366609,0.051345982,0.448646982
0.385712312,0.114368836,0.051361326,0.448557525
0.385784666,0.11437092,0.051376728,0.448467687
0.385857487,0.114372857,0.051392187,0.448377469
0.385930774,0.114374647,0.051407705,0.448286874
0.386004524,0.114376288,0.051423282,0.448195906
0.386078737,0.11437778,0.051438918,0.448104566
0.386153412,0.114379118,0.051454613,0.448012857
0.386228548,0.114380303,0.051470367,0.447920781
0.386304148,0.114381332,0.051486179,0.447828341
0.386380211,0.114382203,0.051502047,0.447735539
0.386456739,0.114382914,0.05151797,0.447642377
0.386533736,0.114383463,0.051533946,0.447548855
0.386611205,0.114383848,0.051549973,0.447454975
0.386689149,0.114384065,0.051566048,0.447360737
0.386767572,0.114384116,0.051582172,0.44726614
0.386846476,0.114383997,0.051598341,0.447171185
0.386925862,0.114383712,0.051614556,0.44707587
0.38700573,0.11438326,0.051630817,0.446980193
0.38708608,0.114382645,0.051647123,0.446884152
0.387166911,0.114381869,0.051663476,0.446787745
0.387248218,0.114380936,0.051679876,0.446690969
0.38733,0.11437985,0.051696326,0.446593824
0.387412252,0.114378615,0.051712828,0.446496306
0.387494969,0.114377235,0.051729381,0.446398415
0.387578146,0.114375718,0.051745988,0.446300148
0.387661779,0.114374068,0.051762649,0.446201503
0.387745863,0.114372294,0.051779365,0.446102479
